-4.0001026 44.857854
-3.9734359 44.755762
-3.9467693 44.493318
-3.9201026 45.419177
-3.8934359 45.307559
-3.8667693 45.859846
-3.8401026 46.010762
-3.8134359 46.592743
-3.7867693 46.831972
-3.7601026 47.172333
-3.7334359 46.51051
-3.7067693 47.120166
-3.6801026 46.859883
-3.6534359 48.088423
-3.6267693 47.459406
-3.6001026 47.744764
-3.5734359 47.773154
-3.5467693 46.934724
-3.5201026 47.150584
-3.4934359 48.299665
-3.4667693 47.311755
-3.4401026 47.458485
-3.4134359 46.462659
-3.3867693 46.819615
-3.3601026 46.924463
-3.3334359 47.207366
-3.3067693 46.653413
-3.2801026 47.269185
-3.2534359 46.259985
-3.2267693 45.986944
-3.2001026 46.1657
-3.1734359 45.951648
-3.1467693 45.950836
-3.1201026 45.245559
-3.0934359 44.756834
-3.0667693 45.365844
-3.0401026 43.892116
-3.0134359 44.156906
-2.9867693 44.321426
-2.9601026 43.553835
-2.9334359 43.719161
-2.9067693 42.601115
-2.8801026 42.546932
-2.8534359 43.065084
-2.8267693 42.034664
-2.8001026 42.119371
-2.7734359 41.461746
-2.7467693 40.794652
-2.7201026 40.907121
-2.6934359 40.534455
-2.6667693 40.366811
-2.6401026 40.087918
-2.6134359 39.905656
-2.5867693 39.485109
-2.5601026 38.289644
-2.5334359 38.088106
-2.5067693 37.317957
-2.4801026 36.834561
-2.4534359 36.249725
-2.4267693 36.114348
-2.4001026 35.288698
-2.3734359 34.830672
-2.3467693 34.799546
-2.3201026 34.275207
-2.2934359 33.739647
-2.2667693 32.954248
-2.2401026 33.106659
-2.2134359 31.940291
-2.1867693 31.495913
-2.1601026 30.637528
-2.1334359 30.608581
-2.1067693 29.666497
-2.0801026 29.424185
-2.0534359 28.799145
-2.0267693 28.452971
-2.0001026 27.336741
-1.9734359 26.511183
-1.9467693 26.110532
-1.9201026 25.697383
-1.8934359 24.689592
-1.8667693 23.465607
-1.8401026 23.704084
-1.8134359 22.470034
-1.7867693 22.207483
-1.7601026 21.681874
-1.7334359 20.11605
-1.7067693 19.422673
-1.6801026 18.565268
-1.6534359 17.905289
-1.6267693 17.098661
-1.6001026 16.135808
-1.5734359 15.11894
-1.5467693 14.236339
-1.5201026 13.248027
-1.4934359 12.390927
-1.4667693 11.244197
-1.4401026 9.9572217
-1.4134359 8.9584902
-1.3867693 7.6958015
-1.3601026 6.4613448
-1.3334359 5.2315396
-1.3067693 3.9189841
-1.2801026 2.536981
-1.2534359 1.1122726
-1.2267693 0.1667495
-1.2001026 0.039977198
-1.1734359 0.016391841
-1.1467693 0.0092584118
-1.1201026 0.0064816598
-1.0934359 0.0044311728
-1.0667693 0.0041094687
-1.0401026 0.0036299006
-1.0134359 0.0030008767
-0.98676926 0.0026046731
-0.9601026 0.0023309824
-0.93343593 0.0024346565
-0.90676926 0.0022910531
-0.8801026 0.001990787
-0.85343593 0.0018300555
-0.82676926 0.0018190899
-0.8001026 0.0019479256
-0.77343593 0.0018312811
-0.74676926 0.0016144211
-0.7201026 0.0015458186
-0.69343593 0.0016225694
-0.66676926 0.00174163
-0.6401026 0.0016318671
-0.61343593 0.0014450128
-0.58676926 0.0014299034
-0.5601026 0.0015507373
-0.53343593 0.001677449
-0.50676926 0.0015471742
-0.4801026 0.0013802113
-0.45343593 0.001384392
-0.42676926 0.0015493255
-0.4001026 0.0016872194
-0.37343593 0.0015658294
-0.34676926 0.0013967713
-0.3201026 0.0014057168
-0.29343593 0.0016028655
-0.26676926 0.0017836778
-0.2401026 0.0016574246
-0.21343593 0.0014908819
-0.18676926 0.0014763314
-0.1601026 0.0017109788
-0.13343593 0.0019620717
-0.10676926 0.0018744789
-0.080102596 0.0017099028
-0.05343593 0.0016380921
-0.026769263 0.0019325861
-0.00010259628 0.0023023736
0.02656407 0.002286176
0.053230737 0.00219151
0.079897404 0.0020248802
0.10656407 0.002437304
0.13323074 0.0030284364
0.1598974 0.0032282683
0.18656407 0.0034495079
0.21323074 0.0032313122
0.2398974 0.0043345686
0.26656407 0.0058266226
0.29323074 0.0075214653
0.3198974 0.012447466
0.34656407 0.01962549
0.37323074 0.068326133
0.3998974 0.46803512
0.42656407 1.7130073
0.45323074 2.7746109
0.4798974 4.2762016
0.50656407 5.3579113
0.53323074 6.6766021
0.5598974 7.6056797
0.58656407 8.6333272
0.61323074 9.8377957
0.6398974 11.165043
0.66656407 11.82741
0.69323074 13.2026
0.7198974 14.252917
0.74656407 14.82128
0.77323074 15.550686
0.7998974 17.183295
0.82656407 17.713405
0.85323074 18.870214
0.8798974 19.559991
0.90656407 20.118548
0.93323074 21.43591
0.9598974 22.079499
0.98656407 22.891214
1.0132307 23.21758
1.0398974 24.589725
1.0665641 25.310645
1.0932307 26.611658
1.1198974 26.783271
1.1465641 27.300211
1.1732307 28.789911
1.1998974 29.091009
1.2265641 28.895566
1.2532307 29.624249
1.2798974 31.10149
1.3065641 31.338458
1.3332307 32.067609
1.3598974 33.014636
1.3865641 33.450616
1.4132307 34.944857
1.4398974 35.143635
1.4665641 35.61516
1.4932307 36.210731
1.5198974 36.736886
1.5465641 37.112141
1.5732307 38.857418
1.5998974 38.660208
1.6265641 39.362744
1.6532307 39.197538
1.6798974 40.240856
1.7065641 40.806963
1.7332307 41.592629
1.7598974 41.909809
1.7865641 42.782346
1.8132307 43.031209
1.8398974 43.708754
1.8665641 44.980398
1.8932307 43.995139
1.9198974 44.590296
1.9465641 45.702216
1.9732307 46.306671
1.9998974 46.845601
2.0265641 47.394027
2.0532307 47.369016
2.0798974 48.318397
2.1065641 48.246375
2.1332307 49.197743
2.1598974 50.388466
2.1865641 50.008258
2.2132307 50.040998
2.2398974 51.28479
2.2665641 52.393498
2.2932307 51.464713
2.3198974 53.170836
2.3465641 52.507407
2.3732307 53.111401
2.3998974 53.029936
2.4265641 53.953874
2.4532307 54.378701
2.4798974 54.98613
2.5065641 56.276067
2.5332307 55.955716
2.5598974 55.843312
2.5865641 56.787683
2.6132307 56.302862
2.6398974 57.587955
2.6665641 57.871444
2.6932307 57.104219
2.7198974 58.591877
2.7465641 58.288524
2.7732307 59.890299
2.7998974 59.249988
2.8265641 59.362717
2.8532307 60.511773
2.8798974 60.490695
2.9065641 59.98655
2.9332307 61.056783
2.9598974 61.382436
2.9865641 60.854844
3.0132307 60.394481
3.0398974 61.849384
3.0665641 61.397102
3.0932307 62.521301
3.1198974 62.325739
3.1465641 61.282063
3.1732307 61.359479
3.1998974 62.912312
3.2265641 63.473445
3.2532307 63.904882
3.2798974 63.268506
3.3065641 65.011146
3.3332307 63.550442
3.3598974 64.078397
3.3865641 63.922143
3.4132307 63.930403
3.4398974 64.39282
3.4665641 64.145305
3.4932307 63.603588
3.5198974 64.642807
3.5465641 63.75961
3.5732307 64.956396
3.5998974 64.997235
3.6265641 64.329812
3.6532307 64.063646
3.6798974 64.922212
3.7065641 63.374536
3.7332307 64.007066
3.7598974 64.543862
3.7865641 63.12368
3.8132307 63.896121
3.8398974 63.489915
3.8665641 63.607475
3.8932307 62.993505
3.9198974 63.357482
3.9465641 63.745688
3.9732307 62.785916

-4.0001026 31.643795
-3.9734359 31.912959
-3.9467693 32.214471
-3.9201026 32.19346
-3.8934359 32.103551
-3.8667693 32.105351
-3.8401026 31.927884
-3.8134359 31.518643
-3.7867693 31.485261
-3.7601026 31.222216
-3.7334359 30.914319
-3.7067693 30.872726
-3.6801026 29.980382
-3.6534359 29.312789
-3.6267693 29.23901
-3.6001026 28.223977
-3.5734359 27.840317
-3.5467693 27.633437
-3.5201026 27.442093
-3.4934359 27.220814
-3.4667693 26.481722
-3.4401026 26.4189
-3.4134359 25.99564
-3.3867693 25.553631
-3.3601026 25.250524
-3.3334359 24.669924
-3.3067693 24.461656
-3.2801026 24.250014
-3.2534359 23.928658
-3.2267693 23.558215
-3.2001026 23.526319
-3.1734359 23.186289
-3.1467693 22.532765
-3.1201026 22.33194
-3.0934359 22.005261
-3.0667693 21.498792
-3.0401026 21.531789
-3.0134359 21.393929
-2.9867693 20.725192
-2.9601026 20.566068
-2.9334359 20.001682
-2.9067693 19.89309
-2.8801026 19.487477
-2.8534359 19.221406
-2.8267693 18.789002
-2.8001026 18.427377
-2.7734359 18.391343
-2.7467693 17.947583
-2.7201026 17.572857
-2.6934359 17.367509
-2.6667693 16.910965
-2.6401026 16.33732
-2.6134359 16.101298
-2.5867693 15.936226
-2.5601026 15.591349
-2.5334359 15.232558
-2.5067693 14.837197
-2.4801026 14.593942
-2.4534359 13.976993
-2.4267693 14.008439
-2.4001026 13.769659
-2.3734359 13.07047
-2.3467693 12.743509
-2.3201026 12.577717
-2.2934359 12.060123
-2.2667693 11.922364
-2.2401026 11.512809
-2.2134359 11.116289
-2.1867693 10.649177
-2.1601026 10.558131
-2.1334359 10.397613
-2.1067693 9.8706954
-2.0801026 9.5258983
-2.0534359 9.4073255
-2.0267693 9.1751972
-2.0001026 8.8684624
-1.9734359 8.2998949
-1.9467693 8.1022143
-1.9201026 7.6009918
-1.8934359 7.2775573
-1.8667693 6.9416477
-1.8401026 6.7823722
-1.8134359 6.3509344
-1.7867693 6.1355829
-1.7601026 5.8051989
-1.7334359 5.4832832
-1.7067693 5.2622051
-1.6801026 4.8444552
-1.6534359 4.5683489
-1.6267693 4.2551253
-1.6001026 4.0013674
-1.5734359 3.7320611
-1.5467693 3.3552275
-1.5201026 3.1208486
-1.4934359 2.8879096
-1.4667693 2.4786191
-1.4401026 2.2089968
-1.4134359 1.9665792
-1.3867693 1.6475431
-1.3601026 1.3482756
-1.3334359 1.0606938
-1.3067693 0.7693188
-1.2801026 0.49429192
-1.2534359 0.21064184
-1.2267693 0.036269438
-1.2001026 0.0074134306
-1.1734359 0.0031417882
-1.1467693 0.0020047742
-1.1201026 0.0014834412
-1.0934359 0.001195903
-1.0667693 0.0010402412
-1.0401026 0.00093557968
-1.0134359 0.00085860351
-0.98676926 0.00079927168
-0.9601026 0.0007600272
-0.93343593 0.00073764967
-0.90676926 0.0007018325
-0.8801026 0.00066670749
-0.85343593 0.00065236167
-0.82676926 0.00065536402
-0.8001026 0.00064892783
-0.77343593 0.00061857472
-0.74676926 0.00058870981
-0.7201026 0.00059567698
-0.69343593 0.00061789672
-0.66676926 0.00061696324
-0.6401026 0.00057736093
-0.61343593 0.00055188337
-0.58676926 0.00057119908
-0.5601026 0.00061130143
-0.53343593 0.00061133778
-0.50676926 0.00056592454
-0.4801026 0.00053664235
-0.45343593 0.00056782466
-0.42676926 0.00062029478
-0.4001026 0.00062638477
-0.37343593 0.00057567657
-0.34676926 0.00053862193
-0.3201026 0.0005757817
-0.29343593 0.00064383459
-0.26676926 0.00066422093
-0.2401026 0.00060883653
-0.21343593 0.00056194036
-0.18676926 0.00059576853
-0.1601026 0.00068392545
-0.13343593 0.00072243023
-0.10676926 0.0006736123
-0.080102596 0.000614952
-0.05343593 0.00064073012
-0.026769263 0.00074547477
-0.00010259628 0.00082128566
0.02656407 0.00079149343
0.053230737 0.0007240958
0.079897404 0.00074343088
0.10656407 0.00086775718
0.13323074 0.0010032492
0.1598974 0.0010288594
0.18656407 0.0010021917
0.21323074 0.0010522173
0.2398974 0.0012787982
0.26656407 0.0016371257
0.29323074 0.0020307761
0.3198974 0.0027884934
0.34656407 0.0050104229
0.37323074 0.015049617
0.3998974 0.11147337
0.42656407 0.38809039
0.45323074 0.70021624
0.4798974 0.9895781
0.50656407 1.3281081
0.53323074 1.649536
0.5598974 1.9731337
0.58656407 2.2659201
0.61323074 2.5963974
0.6398974 2.8819786
0.66656407 3.180839
0.69323074 3.5277647
0.7198974 3.8763459
0.74656407 4.1783724
0.77323074 4.6406682
0.7998974 4.9524898
0.82656407 5.2798029
0.85323074 5.5689761
0.8798974 5.9246394
0.90656407 6.1872093
0.93323074 6.5587154
0.9598974 6.7179614
0.98656407 7.1535784
1.0132307 7.4051716
1.0398974 7.7095793
1.0665641 8.2932772
1.0932307 8.3883465
1.1198974 8.9077961
1.1465641 9.2450517
1.1732307 9.5550103
1.1998974 9.936389
1.2265641 10.117815
1.2532307 10.625446
1.2798974 11.165539
1.3065641 11.110344
1.3332307 11.5692
1.3598974 11.920695
1.3865641 12.327131
1.4132307 12.62552
1.4398974 12.940344
1.4665641 13.088266
1.4932307 13.416656
1.5198974 13.799534
1.5465641 14.339262
1.5732307 14.615951
1.5998974 14.966403
1.6265641 15.402591
1.6532307 15.712597
1.6798974 15.855623
1.7065641 16.611691
1.7332307 16.919152
1.7598974 17.16524
1.7865641 17.372433
1.8132307 17.579032
1.8398974 17.93482
1.8665641 18.700132
1.8932307 18.467479
1.9198974 18.681138
1.9465641 19.68364
1.9732307 19.944887
1.9998974 20.268616
2.0265641 20.764949
2.0532307 20.794994
2.0798974 21.112087
2.1065641 21.425164
2.1332307 21.789101
2.1598974 22.067621
2.1865641 22.417609
2.2132307 22.772981
2.2398974 22.984849
2.2665641 23.862915
2.2932307 23.666398
2.3198974 24.085497
2.3465641 24.759234
2.3732307 24.841908
2.3998974 24.974227
2.4265641 25.313444
2.4532307 25.401127
2.4798974 25.95758
2.5065641 26.89244
2.5332307 26.816404
2.5598974 26.544943
2.5865641 27.278291
2.6132307 27.770011
2.6398974 28.57768
2.6665641 28.345421
2.6932307 29.229055
2.7198974 28.926649
2.7465641 29.263957
2.7732307 29.381939
2.7998974 29.747282
2.8265641 29.980121
2.8532307 30.637523
2.8798974 31.378297
2.9065641 31.204556
2.9332307 31.551978
2.9598974 32.038668
2.9865641 32.490955
3.0132307 32.356464
3.0398974 31.982658
3.0665641 33.034786
3.0932307 33.605843
3.1198974 33.656921
3.1465641 33.913619
3.1732307 34.049125
3.1998974 34.029864
3.2265641 34.396824
3.2532307 34.79922
3.2798974 35.275152
3.3065641 35.713163
3.3332307 35.454687
3.3598974 36.228707
3.3865641 36.025857
3.4132307 36.403478
3.4398974 36.313922
3.4665641 36.404743
3.4932307 37.315095
3.5198974 38.096031
3.5465641 38.063357
3.5732307 38.628539
3.5998974 38.753537
3.6265641 38.649705
3.6532307 39.630199
3.6798974 39.407229
3.7065641 40.278652
3.7332307 40.394397
3.7598974 41.217077
3.7865641 40.726991
3.8132307 42.216718
3.8398974 41.510299
3.8665641 41.266214
3.8932307 41.092625
3.9198974 41.268276
3.9465641 40.998667
3.9732307 41.85748

-6.84 3.06798e-07
-6.83316 3.1423e-07
-6.82631 3.22046e-07
-6.81947 3.30261e-07
-6.81263 3.38872e-07
-6.80578 3.4785e-07
-6.79894 3.57128e-07
-6.7921 3.66598e-07
-6.78525 3.76136e-07
-6.77841 3.85653e-07
-6.77157 3.95175e-07
-6.76472 4.04924e-07
-6.75788 4.15342e-07
-6.75104 4.26972e-07
-6.74419 4.40197e-07
-6.73735 4.54893e-07
-6.73051 4.70266e-07
-6.72366 4.8513e-07
-6.71682 4.98704e-07
-6.70997 5.11493e-07
-6.70313 5.25418e-07
-6.69629 5.42579e-07
-6.68944 5.63234e-07
-6.6826 5.84886e-07
-6.67576 6.04163e-07
-6.66891 6.20561e-07
-6.66207 6.38069e-07
-6.65523 6.61486e-07
-6.64838 6.90254e-07
-6.64154 7.1777e-07
-6.6347 7.39445e-07
-6.62785 7.60368e-07
-6.62101 7.89981e-07
-6.61417 8.27911e-07
-6.60732 8.62256e-07
-6.60048 8.87686e-07
-6.59364 9.16856e-07
-6.58679 9.6142e-07
-6.57995 1.00976e-06
-6.57311 1.04472e-06
-6.56626 1.07725e-06
-6.55942 1.13042e-06
-6.55258 1.19349e-06
-6.54573 1.23828e-06
-6.53889 1.27853e-06
-6.53205 1.3482e-06
-6.5252 1.42751e-06
-6.51836 1.47907e-06
-6.51152 1.53543e-06
-6.50467 1.63428e-06
-6.49783 1.72574e-06
-6.49099 1.78275e-06
-6.48414 1.87758e-06
-6.4773 2.01235e-06
-6.47046 2.10012e-06
-6.46361 2.18604e-06
-6.45677 2.35146e-06
-6.44992 2.49393e-06
-6.44308 2.58435e-06
-6.43624 2.77015e-06
-6.42939 2.98153e-06
-6.42255 3.09666e-06
-6.41571 3.30382e-06
-6.40886 3.59652e-06
-6.40202 3.75548e-06
-6.39518 3.99761e-06
-6.38833 4.39162e-06
-6.38149 4.61002e-06
-6.37465 4.91502e-06
-6.3678 5.44508e-06
-6.36096 5.73483e-06
-6.35412 6.1538e-06
-6.34727 6.87327e-06
-6.34043 7.24398e-06
-6.33359 7.87376e-06
-6.32674 8.85098e-06
-6.3199 9.32032e-06
-6.31306 1.03462e-05
-6.30621 1.16422e-05
-6.29937 1.2284e-05
-6.29253 1.4038e-05
-6.28568 1.56566e-05
-6.27884 1.67547e-05
-6.272 1.97402e-05
-6.26515 2.15964e-05
-6.25831 2.40165e-05
-6.25147 2.87563e-05
-6.24462 3.09345e-05
-6.23778 3.67464e-05
-6.23094 4.32946e-05
-6.22409 4.74277e-05
-6.21725 6.0317e-05
-6.21041 6.80115e-05
-6.20356 8.14481e-05
-6.19672 0.000105366
-6.18987 0.000117231
-6.18303 0.000161662
-6.17619 0.000197127
-6.16934 0.00024779
-6.1625 0.000370821
-6.15566 0.000435082
-6.14881 0.000726001
-6.14197 0.00102365
-6.13513 0.00154554
-6.12828 0.00338741
-6.12144 0.00479866
-6.1146 0.018334
-6.10775 0.0669395
-6.10091 1.13711
-6.09407 4.29582
-6.08722 6.98426
-6.08038 7.60649
-6.07354 7.6432
-6.06669 7.67809
-6.05985 7.68986
-6.05301 7.70786
-6.04616 7.72936
-6.03932 7.72127
-6.03248 7.70956
-6.02563 7.72198
-6.01879 7.75514
-6.01195 7.76292
-6.0051 7.73085
-5.99826 7.71978
-5.99142 7.75494
-5.98457 7.7777
-5.97773 7.7571
-5.97089 7.74652
-5.96404 7.77921
-5.9572 7.81129
-5.95036 7.81319
-5.94351 7.81758
-5.93667 7.8409
-5.92982 7.83956
-5.92298 7.82195
-5.91614 7.83491
-5.90929 7.86576
-5.90245 7.87157
-5.89561 7.88109
-5.88876 7.93229
-5.88192 7.96158
-5.87508 7.96224
-5.86823 7.97025
-5.86139 7.95521
-5.85455 7.92053
-5.8477 7.91429
-5.84086 7.95649
-5.83402 8.01223
-5.82717 8.04408
-5.82033 8.05861
-5.81349 8.07867
-5.80664 8.09928
-5.7998 8.09752
-5.79296 8.08451
-5.78611 8.0813
-5.77927 8.07961
-5.77243 8.08142
-5.76558 8.0985
-5.75874 8.12704
-5.7519 8.14827
-5.74505 8.14149
-5.73821 8.13863
-5.73137 8.14684
-5.72452 8.14039
-5.71768 8.15261
-5.71084 8.20546
-5.70399 8.24993
-5.69715 8.24264
-5.69031 8.223
-5.68346 8.23895
-5.67662 8.27112
-5.66977 8.27772
-5.66293 8.27031
-5.65609 8.29396
-5.64924 8.33015
-5.6424 8.34039
-5.63556 8.34119
-5.62871 8.34584
-5.62187 8.34368
-5.61503 8.35068
-5.60818 8.3754
-5.60134 8.3881
-5.5945 8.39231
-5.58765 8.41649
-5.58081 8.44413
-5.57397 8.45062
-5.56712 8.44612
-5.56028 8.43992
-5.55344 8.44864
-5.54659 8.47865
-5.53975 8.48811
-5.53291 8.48256
-5.52606 8.49639
-5.51922 8.51171
-5.51238 8.5248
-5.50553 8.54088
-5.49869 8.5568
-5.49185 8.58037
-5.485 8.60782
-5.47816 8.64371
-5.47132 8.68731
-5.46447 8.71437
-5.45763 8.71399
-5.45079 8.6956
-5.44394 8.69066
-5.4371 8.72042
-5.43026 8.7467
-5.42341 8.74479
-5.41657 8.75633
-5.40972 8.7898
-5.40288 8.81128
-5.39604 8.83173
-5.38919 8.86355
-5.38235 8.88453
-5.37551 8.88816
-5.36866 8.88587
-5.36182 8.89287
-5.35498 8.90707
-5.34813 8.90547
-5.34129 8.88843
-5.33445 8.87883
-5.3276 8.89568
-5.32076 8.93584
-5.31392 8.96612
-5.30707 8.96341
-5.30023 8.95263
-5.29339 8.97676
-5.28654 9.02845
-5.2797 9.06921
-5.27286 9.10233
-5.26601 9.13913
-5.25917 9.16105
-5.25233 9.16381
-5.24548 9.16312
-5.23864 9.17167
-5.2318 9.19722
-5.22495 9.21963
-5.21811 9.20846
-5.21127 9.19024
-5.20442 9.20958
-5.19758 9.25078
-5.19074 9.28154
-5.18389 9.29914
-5.17705 9.306
-5.17021 9.30376
-5.16336 9.29553
-5.15652 9.28828
-5.14967 9.30421
-5.14283 9.34893
-5.13599 9.39035
-5.12914 9.40856
-5.1223 9.41721
-5.11546 9.42776
-5.10861 9.43493
-5.10177 9.43405
-5.09493 9.43975
-5.08808 9.47035
-5.08124 9.51633
-5.0744 9.55511
-5.06755 9.58643
-5.06071 9.6216
-5.05387 9.64933
-5.04702 9.65216
-5.04018 9.64506
-5.03334 9.65496
-5.02649 9.68041
-5.01965 9.69958
-5.01281 9.70537
-5.00596 9.71427
-4.99912 9.73432
-4.99228 9.74974
-4.98543 9.75483
-4.97859 9.76775
-4.97175 9.79842
-4.9649 9.83617
-4.95806 9.86839
-4.95122 9.8909
-4.94437 9.91138
-4.93753 9.93962
-4.93069 9.96761
-4.92384 9.98437
-4.917 9.99604
-4.91016 10.0075
-4.90331 10.0192
-4.89647 10.0414
-4.88962 10.0749
-4.88278 10.1003
-4.87594 10.1104
-4.86909 10.1181
-4.86225 10.1308
-4.85541 10.1503
-4.84856 10.1854
-4.84172 10.2318
-4.83488 10.2678
-4.82803 10.2877
-4.82119 10.3043
-4.81435 10.3195
-4.8075 10.3289
-4.80066 10.3369
-4.79382 10.3489
-4.78697 10.3638
-4.78013 10.3802
-4.77329 10.4018
-4.76644 10.4336
-4.7596 10.4696
-4.75276 10.4948
-4.74591 10.5078
-4.73907 10.5238
-4.73223 10.553
-4.72538 10.5909
-4.71854 10.6225
-4.7117 10.6336
-4.70485 10.6269
-4.69801 10.6257
-4.69117 10.6543
-4.68432 10.7097
-4.67748 10.765
-4.67064 10.8085
-4.66379 10.8494
-4.65695 10.8778
-4.65011 10.8765
-4.64326 10.8704
-4.63642 10.898
-4.62957 10.9527
-4.62273 11.0047
-4.61589 11.0437
-4.60904 11.0671
-4.6022 11.0704
-4.59536 11.0683
-4.58851 11.0883
-4.58167 11.128
-4.57483 11.1536
-4.56798 11.1578
-4.56114 11.1742
-4.5543 11.2131
-4.54745 11.2473
-4.54061 11.2752
-4.53377 11.3224
-4.52692 11.3744
-4.52008 11.3939
-4.51324 11.3961
-4.50639 11.4212
-4.49955 11.4651
-4.49271 11.5052
-4.48586 11.5501
-4.47902 11.6078
-4.47218 11.6569
-4.46533 11.679
-4.45849 11.6824
-4.45165 11.6866
-4.4448 11.7054
-4.43796 11.7417
-4.43112 11.7886
-4.42427 11.8402
-4.41743 11.8941
-4.41059 11.9372
-4.40374 11.948
-4.3969 11.9333
-4.39006 11.9375
-4.38321 11.9883
-4.37637 12.0647
-4.36952 12.1382
-4.36268 12.2039
-4.35584 12.2541
-4.34899 12.2717
-4.34215 12.2684
-4.33531 12.2828
-4.32846 12.323
-4.32162 12.3587
-4.31478 12.3771
-4.30793 12.3971
-4.30109 12.4304
-4.29425 12.4741
-4.2874 12.525
-4.28056 12.5791
-4.27372 12.6378
-4.26687 12.7055
-4.26003 12.7664
-4.25319 12.8026
-4.24634 12.8295
-4.2395 12.8718
-4.23266 12.9264
-4.22581 12.9778
-4.21897 13.021
-4.21213 13.0567
-4.20528 13.0906
-4.19844 13.134
-4.1916 13.1882
-4.18475 13.236
-4.17791 13.268
-4.17107 13.3039
-4.16422 13.3635
-4.15738 13.4329
-4.15054 13.4891
-4.14369 13.5343
-4.13685 13.5872
-4.13001 13.6588
-4.12316 13.7445
-4.11632 13.8291
-4.10947 13.9016
-4.10263 13.9614
-4.09579 14.0101
-4.08894 14.0508
-4.0821 14.0969
-4.07526 14.1582
-4.06841 14.2238
-4.06157 14.2781
-4.05473 14.3265
-4.04788 14.3876
-4.04104 14.467
-4.0342 14.5525
-4.02735 14.6369
-4.02051 14.7279
-4.01367 14.8238
-4.00682 14.9031
-3.99998 14.956
-3.99314 15.0056
-3.98629 15.0789
-3.97945 15.1763
-3.97261 15.2839
-3.96576 15.3919
-3.95892 15.4916
-3.95208 15.574
-3.94523 15.6445
-3.93839 15.7212
-3.93155 15.8149
-3.9247 15.925
-3.91786 16.0525
-3.91102 16.1944
-3.90417 16.3313
-3.89733 16.4471
-3.89049 16.5519
-3.88364 16.6639
-3.8768 16.7822
-3.86995 16.897
-3.86311 17.0126
-3.85627 17.1452
-3.84942 17.3025
-3.84258 17.4683
-3.83574 17.6183
-3.82889 17.7525
-3.82205 17.8952
-3.81521 18.0652
-3.80836 18.266
-3.80152 18.4935
-3.79468 18.7247
-3.78783 18.9254
-3.78099 19.0951
-3.77415 19.2812
-3.7673 19.5292
-3.76046 19.8351
-3.75362 20.1619
-3.74677 20.4923
-3.73993 20.8457
-3.73309 21.2486
-3.72624 21.706
-3.7194 22.2047
-3.71256 22.7516
-3.70571 23.4029
-3.69887 24.2219
-3.69203 25.2956
-3.68518 26.8668
-3.67834 29.0863
-3.6715 31.309
-3.66465 32.186
-3.65781 31.0495
-3.65097 28.74
-3.64412 26.5832
-3.63728 25.0954
-3.63044 24.0593
-3.62359 23.2321
-3.61675 22.5442
-3.6099 21.9639
-3.60306 21.4655
-3.59622 21.0366
-3.58937 20.6567
-3.58253 20.3041
-3.57569 19.9659
-3.56884 19.6334
-3.562 19.3075
-3.55516 18.9997
-3.54831 18.718
-3.54147 18.4581
-3.53463 18.2151
-3.52778 17.9911
-3.52094 17.7862
-3.5141 17.5929
-3.50725 17.4055
-3.50041 17.2261
-3.49357 17.0559
-3.48672 16.8909
-3.47988 16.7303
-3.47304 16.5782
-3.46619 16.4342
-3.45935 16.2889
-3.45251 16.1371
-3.44566 15.9868
-3.43882 15.847
-3.43198 15.7143
-3.42513 15.5775
-3.41829 15.4323
-3.41145 15.2865
-3.4046 15.1553
-3.39776 15.0511
-3.39092 14.9698
-3.38407 14.8895
-3.37723 14.7912
-3.37039 14.6771
-3.36354 14.5636
-3.3567 14.4614
-3.34985 14.3669
-3.34301 14.2693
-3.33617 14.1604
-3.32932 14.0417
-3.32248 13.9272
-3.31564 13.8374
-3.30879 13.7783
-3.30195 13.7281
-3.29511 13.6591
-3.28826 13.5707
-3.28142 13.485
-3.27458 13.4131
-3.26773 13.3455
-3.26089 13.2739
-3.25405 13.2016
-3.2472 13.133
-3.24036 13.0672
-3.23352 13.0042
-3.22667 12.9449
-3.21983 12.8825
-3.21299 12.807
-3.20614 12.7221
-3.1993 12.6423
-3.19246 12.5731
-3.18561 12.5054
-3.17877 12.4307
-3.17193 12.352
-3.16508 12.2784
-3.15824 12.2152
-3.1514 12.1602
-3.14455 12.1059
-3.13771 12.0489
-3.13087 11.9924
-3.12402 11.9415
-3.11718 11.898
-3.11034 11.8613
-3.10349 11.8273
-3.09665 11.7873
-3.0898 11.7318
-3.08296 11.6568
-3.07612 11.5678
-3.06927 11.4804
-3.06243 11.4164
-3.05559 11.3857
-3.04874 11.3729
-3.0419 11.3479
-3.03506 11.2952
-3.02821 11.2257
-3.02137 11.1603
-3.01453 11.1097
-3.00768 11.0719
-3.00084 11.041
-2.994 11.0118
-2.98715 10.9765
-2.98031 10.9274
-2.97347 10.8641
-2.96662 10.7944
-2.95978 10.7285
-2.95294 10.672
-2.94609 10.6231
-2.93925 10.5766
-2.93241 10.5316
-2.92556 10.4943
-2.91872 10.4692
-2.91188 10.449
-2.90503 10.4203
-2.89819 10.3778
-2.89135 10.3286
-2.8845 10.2788
-2.87766 10.2283
-2.87082 10.1786
-2.86397 10.1361
-2.85713 10.1
-2.85029 10.0586
-2.84344 10.0061
-2.8366 9.95273
-2.82975 9.91065
-2.82291 9.87877
-2.81607 9.84786
-2.80922 9.81408
-2.80238 9.78003
-2.79554 9.74606
-2.78869 9.70773
-2.78185 9.66328
-2.77501 9.61819
-2.76816 9.57787
-2.76132 9.53984
-2.75448 9.49947
-2.74763 9.45978
-2.74079 9.42757
-2.73395 9.40344
-2.7271 9.38318
-2.72026 9.36468
-2.71342 9.34466
-2.70657 9.31329
-2.69973 9.26208
-2.69289 9.19587
-2.68604 9.13073
-2.6792 9.08128
-2.67236 9.05252
-2.66551 9.03929
-2.65867 9.02907
-2.65183 9.00902
-2.64498 8.97485
-2.63814 8.93198
-2.6313 8.88751
-2.62445 8.8445
-2.61761 8.80504
-2.61077 8.77318
-2.60392 8.75041
-2.59708 8.73105
-2.59024 8.70721
-2.58339 8.67743
-2.57655 8.64533
-2.5697 8.6111
-2.56286 8.57146
-2.55602 8.52876
-2.54917 8.49234
-2.54233 8.46754
-2.53549 8.44916
-2.52864 8.42858
-2.5218 8.40184
-2.51496 8.36855
-2.50811 8.33015
-2.50127 8.29261
-2.49443 8.26443
-2.48758 8.24703
-2.48074 8.23053
-2.4739 8.20322
-2.46705 8.16378
-2.46021 8.122
-2.45337 8.08838
-2.44652 8.06496
-2.43968 8.04587
-2.43284 8.02387
-2.42599 7.99525
-2.41915 7.96123
-2.41231 7.9265
-2.40546 7.8948
-2.39862 7.86547
-2.39178 7.83655
-2.38493 7.80914
-2.37809 7.78494
-2.37125 7.76154
-2.3644 7.73511
-2.35756 7.70546
-2.35072 7.6744
-2.34387 7.64198
-2.33703 7.60856
-2.33019 7.57757
-2.32334 7.55225
-2.3165 7.53141
-2.30965 7.51034
-2.30281 7.48493
-2.29597 7.45445
-2.28912 7.42152
-2.28228 7.38885
-2.27544 7.35713
-2.26859 7.32797
-2.26175 7.30703
-2.25491 7.29845
-2.24806 7.29548
-2.24122 7.28195
-2.23438 7.24689
-2.22753 7.19691
-2.22069 7.15144
-2.21385 7.12378
-2.207 7.10788
-2.20016 7.08731
-2.19332 7.05616
-2.18647 7.02423
-2.17963 7.00068
-2.17279 6.98149
-2.16594 6.95837
-2.1591 6.93215
-2.15226 6.90944
-2.14541 6.88982
-2.13857 6.86479
-2.13173 6.82991
-2.12488 6.7928
-2.11804 6.76594
-2.1112 6.75351
-2.10435 6.74806
-2.09751 6.73951
-2.09067 6.72391
-2.08382 6.70292
-2.07698 6.67872
-2.07014 6.65217
-2.06329 6.62377
-2.05645 6.59473
-2.0496 6.56693
-2.04276 6.54126
-2.03592 6.51605
-2.02907 6.48895
-2.02223 6.45997
-2.01539 6.43066
-2.00854 6.4017
-2.0017 6.37413
-1.99486 6.35053
-1.98801 6.33102
-1.98117 6.31056
-1.97433 6.28492
-1.96748 6.25712
-1.96064 6.23259
-1.9538 6.2093
-1.94695 6.1797
-1.94011 6.14388
-1.93327 6.11362
-1.92642 6.09895
-1.91958 6.09537
-1.91274 6.08912
-1.90589 6.07199
-1.89905 6.04717
-1.89221 6.02236
-1.88536 6.00002
-1.87852 5.97485
-1.87168 5.94201
-1.86483 5.90708
-1.85799 5.88191
-1.85115 5.8688
-1.8443 5.85613
-1.83746 5.83359
-1.83062 5.80363
-1.82377 5.77368
-1.81693 5.74476
-1.81009 5.71351
-1.80324 5.67968
-1.7964 5.64635
-1.78955 5.61595
-1.78271 5.58902
-1.77587 5.56471
-1.76902 5.54152
-1.76218 5.51939
-1.75534 5.5005
-1.74849 5.48633
-1.74165 5.47531
-1.73481 5.46432
-1.72796 5.44995
-1.72112 5.42822
-1.71428 5.3978
-1.70743 5.36437
-1.70059 5.33672
-1.69375 5.31716
-1.6869 5.30047
-1.68006 5.2824
-1.67322 5.2638
-1.66637 5.24496
-1.65953 5.22219
-1.65269 5.193
-1.64584 5.16066
-1.639 5.13067
-1.63216 5.10522
-1.62531 5.08309
-1.61847 5.06232
-1.61163 5.04059
-1.60478 5.01531
-1.59794 4.98647
-1.5911 4.95849
-1.58425 4.93628
-1.57741 4.91944
-1.57057 4.90247
-1.56372 4.88064
-1.55688 4.85392
-1.55004 4.82536
-1.54319 4.79731
-1.53635 4.7698
-1.5295 4.74183
-1.52266 4.71379
-1.51582 4.68789
-1.50897 4.66622
-1.50213 4.64901
-1.49529 4.63497
-1.48844 4.622
-1.4816 4.60752
-1.47476 4.58953
-1.46791 4.56775
-1.46107 4.54296
-1.45423 4.51566
-1.44738 4.4868
-1.44054 4.45845
-1.4337 4.43182
-1.42685 4.40526
-1.42001 4.37596
-1.41317 4.34311
-1.40632 4.30847
-1.39948 4.27492
-1.39264 4.24601
-1.38579 4.22515
-1.37895 4.21247
-1.37211 4.20275
-1.36526 4.1891
-1.35842 4.1691
-1.35158 4.14607
-1.34473 4.12433
-1.33789 4.10457
-1.33105 4.08331
-1.3242 4.05645
-1.31736 4.02496
-1.31052 3.99635
-1.30367 3.97787
-1.29683 3.96814
-1.28998 3.95726
-1.28314 3.93319
-1.2763 3.89142
-1.26945 3.84464
-1.26261 3.80504
-1.25577 3.72042
-1.24892 3.44026
-1.24208 2.82281
-1.23524 1.92044
-1.22839 1.00839
-1.22155 0.371912
-1.21471 0.0835286
-1.20786 0.0137774
-1.20102 0.00957159
-1.19418 0.00648633
-1.18733 0.00271835
-1.18049 0.00207273
-1.17365 0.00174558
-1.1668 0.000993135
-1.15996 0.000762006
-1.15312 0.000704518
-1.14627 0.000475396
-1.13943 0.00036375
-1.13259 0.00034985
-1.12574 0.000265312
-1.1189 0.000203418
-1.11206 0.000197412
-1.10521 0.000163321
-1.09837 0.000126555
-1.09153 0.000121667
-1.08468 0.000107536
-1.07784 8.49657e-05
-1.071 8.01003e-05
-1.06415 7.43363e-05
-1.05731 6.03393e-05
-1.05047 5.55748e-05
-1.04362 5.33154e-05
-1.03678 4.4693e-05
-1.02993 4.02725e-05
-1.02309 3.93728e-05
-1.01625 3.41734e-05
-1.0094 3.0282e-05
-1.00256 2.97929e-05
-0.995718 2.67689e-05
-0.988874 2.35012e-05
-0.982031 2.30298e-05
-0.975188 2.13608e-05
-0.968344 1.87355e-05
-0.961501 1.8153e-05
-0.954657 1.72939e-05
-0.947814 1.52756e-05
-0.94097 1.4576e-05
-0.934127 1.41667e-05
-0.927284 1.26852e-05
-0.92044 1.19137e-05
-0.913597 1.17221e-05
-0.906753 1.06894e-05
-0.89991 9.90501e-06
-0.893067 9.78937e-06
-0.886223 9.11107e-06
-0.87938 8.36823e-06
-0.872536 8.24982e-06
-0.865693 7.83478e-06
-0.858849 7.17452e-06
-0.852006 7.01783e-06
-0.845163 6.78418e-06
-0.838319 6.23139e-06
-0.831476 6.02913e-06
-0.824632 5.90819e-06
-0.817789 5.47219e-06
-0.810945 5.23383e-06
-0.804102 5.17192e-06
-0.797259 4.84902e-06
-0.790415 4.59222e-06
-0.783572 4.55082e-06
-0.776728 4.32775e-06
-0.769885 4.07215e-06
-0.763042 4.02679e-06
-0.756198 3.88446e-06
-0.749355 3.64752e-06
-0.742511 3.5857e-06
-0.735668 3.50265e-06
-0.728824 3.29722e-06
-0.721981 3.21579e-06
-0.715138 3.17115e-06
-0.708294 3.00448e-06
-0.701451 2.90675e-06
-0.694607 2.88245e-06
-0.687764 2.75626e-06
-0.68092 2.64929e-06
-0.674077 2.63138e-06
-0.667234 2.54278e-06
-0.66039 2.43495e-06
-0.653547 2.41418e-06
-0.646703 2.35701e-06
-0.63986 2.25613e-06
-0.633017 2.22774e-06
-0.626173 2.19414e-06
-0.61933 2.10618e-06
-0.612486 2.06921e-06
-0.605643 2.05105e-06
-0.598799 1.97952e-06
-0.591956 1.93578e-06
-0.585113 1.92581e-06
-0.578269 1.87168e-06
-0.571426 1.82454e-06
-0.564582 1.81723e-06
-0.557739 1.77934e-06
-0.550895 1.73262e-06
-0.544052 1.72447e-06
-0.537209 1.70018e-06
-0.530365 1.65729e-06
-0.523522 1.64678e-06
-0.516678 1.63281e-06
-0.509835 1.59612e-06
-0.502991 1.58332e-06
-0.496148 1.57646e-06
-0.489305 1.54714e-06
-0.482461 1.53312e-06
-0.475618 1.53081e-06
-0.468774 1.50889e-06
-0.461931 1.49511e-06
-0.455088 1.49577e-06
-0.448244 1.48053e-06
-0.441401 1.46824e-06
-0.434557 1.47125e-06
-0.427714 1.4617e-06
-0.42087 1.45161e-06
-0.414027 1.4571e-06
-0.407184 1.45246e-06
-0.40034 1.44465e-06
-0.393497 1.45303e-06
-0.386653 1.45315e-06
-0.37981 1.44717e-06
-0.372966 1.45873e-06
-0.366123 1.46416e-06
-0.35928 1.45949e-06
-0.352436 1.47395e-06
-0.345593 1.48586e-06
-0.338749 1.48236e-06
-0.331906 1.49868e-06
-0.325063 1.51852e-06
-0.318219 1.51688e-06
-0.311376 1.53336e-06
-0.304532 1.56225e-06
-0.297689 1.56438e-06
-0.290845 1.57898e-06
-0.284002 1.61716e-06
-0.277159 1.62624e-06
-0.270315 1.63725e-06
-0.263472 1.68357e-06
-0.256628 1.70369e-06
-0.249785 1.71056e-06
-0.242941 1.76223e-06
-0.236098 1.7978e-06
-0.229255 1.80193e-06
-0.222411 1.85468e-06
-0.215568 1.90947e-06
-0.208724 1.91481e-06
-0.201881 1.96358e-06
-0.195038 2.03956e-06
-0.188194 2.0529e-06
-0.181351 2.09296e-06
-0.174507 2.18933e-06
-0.167664 2.21988e-06
-0.16082 2.24838e-06
-0.153977 2.36087e-06
-0.147134 2.41934e-06
-0.14029 2.43702e-06
-0.133447 2.55781e-06
-0.126603 2.65471e-06
-0.11976 2.6676e-06
-0.112916 2.78612e-06
-0.106073 2.92962e-06
-0.0992296 2.95016e-06
-0.0923862 3.05495e-06
-0.0855428 3.24847e-06
-0.0786993 3.29586e-06
-0.0718559 3.37749e-06
-0.0650125 3.61751e-06
-0.0581691 3.71688e-06
-0.0513257 3.77179e-06
-0.0444822 4.04645e-06
-0.0376388 4.22652e-06
-0.0307954 4.26161e-06
-0.023952 4.55066e-06
-0.0171086 4.83983e-06
-0.0102651 4.87711e-06
-0.00342171 5.15408e-06
0.00342171 5.57516e-06
0.0102651 5.65589e-06
0.0171086 5.89304e-06
0.023952 6.45687e-06
0.0307954 6.64432e-06
0.0376388 6.82118e-06
0.0444822 7.52016e-06
0.0513257 7.89993e-06
0.0581691 8.01602e-06
0.0650125 8.81871e-06
0.0718559 9.49574e-06
0.0786993 9.58813e-06
0.0855428 1.0437e-05
0.0923862 1.15279e-05
0.0992296 1.16945e-05
0.106073 1.25099e-05
0.112916 1.413e-05
0.11976 1.45592e-05
0.126603 1.52545e-05
0.133447 1.7498e-05
0.14029 1.85076e-05
0.147134 1.9024e-05
0.153977 2.19371e-05
0.16082 2.40248e-05
0.167664 2.44016e-05
0.174507 2.79486e-05
0.181351 3.18623e-05
0.188194 3.23749e-05
0.195038 3.64007e-05
0.201881 4.32413e-05
0.208724 4.46776e-05
0.215568 4.88802e-05
0.222411 6.02666e-05
0.229255 6.45078e-05
0.236098 6.84717e-05
0.242941 8.68295e-05
0.249785 9.81694e-05
0.256628 0.00010164
0.263472 0.000130766
0.270315 0.00015923
0.277159 0.000163334
0.284002 0.000209639
0.290845 0.000280558
0.297689 0.000293039
0.304532 0.000368843
0.311376 0.000556165
0.318219 0.000617145
0.325063 0.000751953
0.331906 0.00133207
0.338749 0.00168279
0.345593 0.00198368
0.352436 0.00459266
0.35928 0.00765557
0.366123 0.00910346
0.372966 0.0460381
0.37981 0.227769
0.386653 0.673288
0.393497 1.37056
0.40034 2.12434
0.407184 2.6935
0.414027 2.98043
0.42087 3.0648
0.427714 3.07882
0.434557 3.09456
0.441401 3.11999
0.448244 3.1461
0.455088 3.17033
0.461931 3.19368
0.468774 3.21632
0.475618 3.23678
0.482461 3.25294
0.489305 3.26459
0.496148 3.27398
0.502991 3.28248
0.509835 3.28898
0.516678 3.29346
0.523522 3.29998
0.530365 3.31389
0.537209 3.3359
0.544052 3.35993
0.550895 3.37782
0.557739 3.38682
0.564582 3.39191
0.571426 3.40062
0.578269 3.41598
0.585113 3.435
0.591956 3.45267
0.598799 3.46648
0.605643 3.4778
0.612486 3.4902
0.61933 3.50679
0.626173 3.52846
0.633017 3.55345
0.63986 3.57801
0.646703 3.59803
0.653547 3.61118
0.66039 3.61829
0.667234 3.62256
0.674077 3.62731
0.68092 3.63467
0.687764 3.64613
0.694607 3.66257
0.701451 3.68243
0.708294 3.70105
0.715138 3.71505
0.721981 3.72728
0.728824 3.74426
0.735668 3.76752
0.742511 3.79012
0.749355 3.80393
0.756198 3.80828
0.763042 3.80907
0.769885 3.81146
0.776728 3.81633
0.783572 3.82364
0.790415 3.83526
0.797259 3.8524
0.804102 3.87182
0.810945 3.88717
0.817789 3.89508
0.824632 3.89868
0.831476 3.90427
0.838319 3.91542
0.845163 3.93168
0.852006 3.9523
0.858849 3.97804
0.865693 4.00759
0.872536 4.0344
0.87938 4.05086
0.886223 4.05612
0.893067 4.05737
0.89991 4.06255
0.906753 4.07405
0.913597 4.08992
0.92044 4.10762
0.927284 4.12458
0.934127 4.1382
0.94097 4.14856
0.947814 4.15918
0.954657 4.17185
0.961501 4.18241
0.968344 4.18508
0.975188 4.18046
0.982031 4.17614
0.988874 4.17948
0.995718 4.19231
1.00256 4.21226
1.0094 4.23583
1.01625 4.25916
1.02309 4.27872
1.02993 4.29315
1.03678 4.30379
1.04362 4.31295
1.05047 4.32306
1.05731 4.33673
1.06415 4.3549
1.071 4.37437
1.07784 4.39044
1.08468 4.40329
1.09153 4.41864
1.09837 4.43994
1.10521 4.46269
1.11206 4.47914
1.1189 4.48707
1.12574 4.49161
1.13259 4.49998
1.13943 4.51657
1.14627 4.54061
1.15312 4.56522
1.15996 4.58098
1.1668 4.58435
1.17365 4.58197
1.18049 4.58379
1.18733 4.59354
1.19418 4.60776
1.20102 4.62175
1.20786 4.63334
1.21471 4.64338
1.22155 4.655
1.22839 4.67057
1.23524 4.68802
1.24208 4.70252
1.24892 4.71293
1.25577 4.72394
1.26261 4.74099
1.26945 4.76532
1.2763 4.79334
1.28314 4.81826
1.28998 4.8332
1.29683 4.83623
1.30367 4.83282
1.31052 4.83225
1.31736 4.84113
1.3242 4.85943
1.33105 4.88047
1.33789 4.89536
1.34473 4.90054
1.35158 4.90177
1.35842 4.90857
1.36526 4.92505
1.37211 4.94764
1.37895 4.96967
1.38579 4.98569
1.39264 4.9934
1.39948 4.99526
1.40632 4.99767
1.41317 5.00622
1.42001 5.02177
1.42685 5.04123
1.4337 5.06056
1.44054 5.07697
1.44738 5.09061
1.45423 5.10461
1.46107 5.12091
1.46791 5.13592
1.47476 5.14351
1.4816 5.14333
1.48844 5.14289
1.49529 5.14995
1.50213 5.16533
1.50897 5.1846
1.51582 5.20387
1.52266 5.22154
1.5295 5.23707
1.53635 5.25141
1.54319 5.26761
1.55004 5.28788
1.55688 5.30981
1.56372 5.32702
1.57057 5.33434
1.57741 5.33237
1.58425 5.32788
1.5911 5.32988
1.59794 5.34361
1.60478 5.36624
1.61163 5.3889
1.61847 5.40468
1.62531 5.4153
1.63216 5.42833
1.639 5.44771
1.64584 5.46888
1.65269 5.48403
1.65953 5.49068
1.66637 5.49384
1.67322 5.501
1.68006 5.51606
1.6869 5.53709
1.69375 5.55857
1.70059 5.57568
1.70743 5.58689
1.71428 5.59355
1.72112 5.59874
1.72796 5.60704
1.73481 5.62203
1.74165 5.64112
1.74849 5.65548
1.75534 5.6594
1.76218 5.65926
1.76902 5.66858
1.77587 5.69311
1.78271 5.72391
1.78955 5.74642
1.7964 5.75458
1.80324 5.75484
1.81009 5.75735
1.81693 5.76583
1.82377 5.77783
1.83062 5.79284
1.83746 5.81462
1.8443 5.84321
1.85115 5.86985
1.85799 5.88508
1.86483 5.88998
1.87168 5.89425
1.87852 5.90391
1.88536 5.91667
1.89221 5.92989
1.89905 5.94631
1.90589 5.96796
1.91274 5.98981
1.91958 6.00623
1.92642 6.0206
1.93327 6.04093
1.94011 6.06628
1.94695 6.08552
1.9538 6.09143
1.96064 6.09029
1.96748 6.09404
1.97433 6.10704
1.98117 6.12362
1.98801 6.13642
1.99486 6.14394
2.0017 6.15149
2.00854 6.16798
2.01539 6.20027
2.02223 6.24583
2.02907 6.2908
2.03592 6.31995
2.04276 6.32961
2.0496 6.329
2.05645 6.32999
2.06329 6.33815
2.07014 6.35098
2.07698 6.36202
2.08382 6.36886
2.09067 6.37735
2.09751 6.39363
2.10435 6.4137
2.1112 6.4282
2.11804 6.43636
2.12488 6.44685
2.13173 6.46467
2.13857 6.48556
2.14541 6.50385
2.15226 6.5193
2.1591 6.53522
2.16594 6.55499
2.17279 6.57983
2.17963 6.60576
2.18647 6.62442
2.19332 6.63137
2.20016 6.63162
2.207 6.63312
2.21385 6.63794
2.22069 6.64453
2.22753 6.6539
2.23438 6.66757
2.24122 6.68336
2.24806 6.69949
2.25491 6.71949
2.26175 6.74665
2.26859 6.77662
2.27544 6.80109
2.28228 6.81698
2.28912 6.8281
2.29597 6.84029
2.30281 6.85721
2.30965 6.87818
2.3165 6.89871
2.32334 6.91568
2.33019 6.93224
2.33703 6.95344
2.34387 6.97731
2.35072 6.99529
2.35756 7.00377
2.3644 7.01042
2.37125 7.02495
2.37809 7.04657
2.38493 7.06661
2.39178 7.08175
2.39862 7.09701
2.40546 7.11585
2.41231 7.1363
2.41915 7.15845
2.42599 7.18684
2.43284 7.2225
2.43968 7.26015
2.44652 7.29463
2.45337 7.3233
2.46021 7.34204
2.46705 7.34785
2.4739 7.34733
2.48074 7.35436
2.48758 7.37602
2.49443 7.40582
2.50127 7.43251
2.50811 7.45014
2.51496 7.45967
2.5218 7.46718
2.52864 7.48114
2.53549 7.50554
2.54233 7.53577
2.54917 7.56538
2.55602 7.59392
2.56286 7.62338
2.5697 7.65159
2.57655 7.67453
2.58339 7.69179
2.59024 7.70597
2.59708 7.71988
2.60392 7.73585
2.61077 7.75468
2.61761 7.77476
2.62445 7.7932
2.6313 7.80728
2.63814 7.81632
2.64498 7.82504
2.65183 7.84226
2.65867 7.87204
2.66551 7.90807
2.67236 7.93961
2.6792 7.96042
2.68604 7.97171
2.69289 7.98033
2.69973 7.9948
2.70657 8.01994
2.71342 8.05429
2.72026 8.09251
2.7271 8.12868
2.73395 8.15805
2.74079 8.18025
2.74763 8.20208
2.75448 8.23209
2.76132 8.26857
2.76816 8.2984
2.77501 8.3144
2.78185 8.3281
2.78869 8.35525
2.79554 8.39345
2.80238 8.42718
2.80922 8.45113
2.81607 8.47318
2.82291 8.4968
2.82975 8.51735
2.8366 8.53593
2.84344 8.5617
2.85029 8.59815
2.85713 8.63862
2.86397 8.67672
2.87082 8.71152
2.87766 8.74325
2.8845 8.7722
2.89135 8.80062
2.89819 8.82849
2.90503 8.85116
2.91188 8.86861
2.91872 8.89187
2.92556 8.93098
2.93241 8.98025
2.93925 9.02323
2.94609 9.04988
2.95294 9.06378
2.95978 9.07576
2.96662 9.09532
2.97347 9.12508
2.98031 9.15843
2.98715 9.18441
2.994 9.2005
3.00084 9.2188
3.00768 9.2528
3.01453 9.30082
3.02137 9.35069
3.02821 9.39716
3.03506 9.4442
3.0419 9.49222
3.04874 9.53403
3.05559 9.5656
3.06243 9.59418
3.06927 9.63024
3.07612 9.67238
3.08296 9.70896
3.0898 9.73721
3.09665 9.76843
3.10349 9.80889
3.11034 9.85019
3.11718 9.88445
3.12402 9.91516
3.13087 9.9486
3.13771 9.98812
3.14455 10.0378
3.1514 10.0974
3.15824 10.1526
3.16508 10.1863
3.17193 10.2042
3.17877 10.2357
3.18561 10.3002
3.19246 10.382
3.1993 10.452
3.20614 10.5024
3.21299 10.5481
3.21983 10.5999
3.22667 10.6517
3.23352 10.6913
3.24036 10.7158
3.2472 10.7381
3.25405 10.7803
3.26089 10.8523
3.26773 10.9375
3.27458 11.008
3.28142 11.0564
3.28826 11.1027
3.29511 11.1648
3.30195 11.234
3.30879 11.2877
3.31564 11.3219
3.32248 11.3594
3.32932 11.4216
3.33617 11.5048
3.34301 11.5895
3.34985 11.6646
3.3567 11.7326
3.36354 11.7999
3.37039 11.8733
3.37723 11.9597
3.38407 12.0545
3.39092 12.1384
3.39776 12.2014
3.4046 12.2589
3.41145 12.3311
3.41829 12.4208
3.42513 12.5225
3.43198 12.6345
3.43882 12.7519
3.44566 12.8641
3.45251 12.9707
3.45935 13.0824
3.46619 13.2
3.47304 13.3114
3.47988 13.4125
3.48672 13.5116
3.49357 13.6134
3.50041 13.7188
3.50725 13.8418
3.5141 13.9985
3.52094 14.1773
3.52778 14.3449
3.53463 14.4921
3.54147 14.6467
3.54831 14.8332
3.55516 15.0432
3.562 15.2583
3.56884 15.4827
3.57569 15.7338
3.58253 16.013
3.58937 16.3022
3.59622 16.5926
3.60306 16.9075
3.6099 17.2786
3.61675 17.7171
3.62359 18.2285
3.63044 18.8294
3.63728 19.5825
3.64412 20.6781
3.65097 22.2713
3.65781 23.9698
3.66465 24.7936
3.6715 24.1271
3.67834 22.4707
3.68518 20.8322
3.69203 19.6911
3.69887 18.917
3.70571 18.3081
3.71256 17.8016
3.7194 17.367
3.72624 16.9736
3.73309 16.6245
3.73993 16.335
3.74677 16.0942
3.75362 15.8685
3.76046 15.6356
3.7673 15.4007
3.77415 15.1774
3.78099 14.9741
3.78783 14.7974
3.79468 14.6459
3.80152 14.5027
3.80836 14.3526
3.81521 14.2028
3.82205 14.0693
3.82889 13.9497
3.83574 13.8299
3.84258 13.7052
3.84942 13.579
3.85627 13.4511
3.86311 13.325
3.86995 13.2119
3.8768 13.1192
3.88364 13.0421
3.89049 12.9707
3.89733 12.8993
3.90417 12.8266
3.91102 12.7519
3.91786 12.6754
3.9247 12.5994
3.93155 12.5257
3.93839 12.4548
3.94523 12.3857
3.95208 12.316
3.95892 12.2447
3.96576 12.1758
3.97261 12.1122
3.97945 12.0502
3.98629 11.9835
3.99314 11.9112
3.99998 11.8411
4.00682 11.7799
4.01367 11.7227
4.02051 11.6657
4.02735 11.619
4.0342 11.5902
4.04104 11.563
4.04788 11.5137
4.05473 11.4422
4.06157 11.3694
4.06841 11.3101
4.07526 11.2629
4.0821 11.2184
4.08894 11.168
4.09579 11.1136
4.10263 11.0661
4.10947 11.0252
4.11632 10.9747
4.12316 10.911
4.13001 10.8519
4.13685 10.8111
4.14369 10.7828
4.15054 10.7537
4.15738 10.7159
4.16422 10.6719
4.17107 10.6327
4.17791 10.5994
4.18475 10.5542
4.1916 10.4873
4.19844 10.4173
4.20528 10.3663
4.21213 10.3317
4.21897 10.2998
4.22581 10.2708
4.23266 10.2523
4.2395 10.2391
4.24634 10.2157
4.25319 10.1775
4.26003 10.1353
4.26687 10.0988
4.27372 10.0674
4.28056 10.0382
4.2874 10.0077
4.29425 9.97438
4.30109 9.94296
4.30793 9.91252
4.31478 9.87499
4.32162 9.84003
4.32846 9.82701
4.33531 9.82546
4.34215 9.8074
4.34899 9.77187
4.35584 9.73656
4.36268 9.70447
4.36952 9.66907
4.37637 9.63141
4.38321 9.59845
4.39006 9.57672
4.3969 9.56146
4.40374 9.53223
4.41059 9.48221
4.41743 9.43539
4.42427 9.40968
4.43112 9.3956
4.43796 9.38333
4.4448 9.37152
4.45165 9.35576
4.45849 9.33404
4.46533 9.30712
4.47218 9.27318
4.47902 9.23589
4.48586 9.20344
4.49271 9.17685
4.49955 9.14947
4.50639 9.11666
4.51324 9.08673
4.52008 9.07017
4.52692 9.05674
4.53377 9.03464
4.54061 9.01816
4.54745 9.01568
4.5543 9.00558
4.56114 8.97718
4.56798 8.95248
4.57483 8.94916
4.58167 8.95419
4.58851 8.94174
4.59536 8.90293
4.6022 8.85177
4.60904 8.80737
4.61589 8.77961
4.62273 8.76405
4.62957 8.7459
4.63642 8.7212
4.64326 8.70153
4.65011 8.68639
4.65695 8.66343
4.66379 8.63708
4.67064 8.61613
4.67748 8.59289
4.68432 8.57026
4.69117 8.56734
4.69801 8.57629
4.70485 8.56596
4.7117 8.53188
4.71854 8.49731
4.72538 8.47727
4.73223 8.47301
4.73907 8.47861
4.74591 8.4732
4.75276 8.43812
4.7596 8.39189
4.76644 8.36611
4.77329 8.35391
4.78013 8.33143
4.78697 8.30349
4.79382 8.29039
4.80066 8.29703
4.8075 8.30191
4.81435 8.27622
4.82119 8.23097
4.82803 8.20801
4.83488 8.21303
4.84172 8.21585
4.84856 8.20074
4.85541 8.16703
4.86225 8.1206
4.86909 8.08826
4.87594 8.08936
4.88278 8.09756
4.88962 8.0852
4.89647 8.06993
4.90331 8.06598
4.91016 8.05655
4.917 8.04145
4.92384 8.0307
4.93069 8.01122
4.93753 7.97977
4.94437 7.9498
4.95122 7.91878
4.95806 7.89208
4.9649 7.88618
4.97175 7.87867
4.97859 7.84254
4.98543 7.80387
4.99228 7.78682
4.99912 7.7738
5.00596 7.75838
5.01281 7.75845
5.01965 7.77366
5.02649 7.78381
5.03334 7.78109
5.04018 7.7695
5.04702 7.74645
5.05387 7.71075
5.06071 7.673
5.06755 7.65329
5.0744 7.66147
5.08124 7.66649
5.08808 7.64065
5.09493 7.61724
5.10177 7.62161
5.10861 7.62185
5.11546 7.60068
5.1223 7.57389
5.12914 7.55092
5.13599 7.54058
5.14283 7.53919
5.14967 7.52459
5.15652 7.50119
5.16336 7.4894
5.17021 7.48416
5.17705 7.47816
5.18389 7.47502
5.19074 7.46259
5.19758 7.42549
5.20442 7.38103
5.21127 7.36094
5.21811 7.36362
5.22495 7.3689
5.2318 7.37415
5.23864 7.37746
5.24548 7.37522
5.25233 7.37306
5.25917 7.36474
5.26601 7.34404
5.27286 7.32404
5.2797 7.31182
5.28654 7.30198
5.29339 7.29408
5.30023 7.2882
5.30707 7.28207
5.31392 7.28269
5.32076 7.28717
5.3276 7.26876
5.33445 7.22801
5.34129 7.19665
5.34813 7.17044
5.35498 7.13263
5.36182 7.1073
5.36866 7.11203
5.37551 7.12583
5.38235 7.13059
5.38919 7.1265
5.39604 7.11056
5.40288 7.09082
5.40972 7.09153
5.41657 7.09981
5.42341 7.08089
5.43026 7.03731
5.4371 7.00205
5.44394 7.01328
5.45079 7.05312
5.45763 7.05303
5.46447 7.01743
5.47132 6.99781
5.47816 6.99022
5.485 6.98255
5.49185 6.97716
5.49869 6.96253
5.50553 6.94995
5.51238 6.95515
5.51922 6.94709
5.52606 6.90058
5.53291 6.85275
5.53975 6.8422
5.54659 6.85748
5.55344 6.87105
5.56028 6.85955
5.56712 6.84089
5.57397 6.84783
5.58081 6.84229
5.58765 6.81039
5.5945 6.80427
5.60134 6.81624
5.60818 6.79985
5.61503 6.76217
5.62187 6.74656
5.62871 6.75645
5.63556 6.74939
5.6424 6.71979
5.64924 6.69478
5.65609 6.67786
5.66293 6.66853
5.66977 6.67369
5.67662 6.69804
5.68346 6.729
5.69031 6.72205
5.69715 6.67124
5.70399 6.63998
5.71084 6.66334
5.71768 6.69585
5.72452 6.68542
5.73137 6.64408
5.73821 6.60854
5.74505 6.60216
5.7519 6.59976
5.75874 6.57456
5.76558 6.57192
5.77243 6.57916
5.77927 6.56178
5.78611 6.55632
5.79296 6.5568
5.7998 6.55068
5.80664 6.53871
5.81349 6.50101
5.82033 6.47468
5.82717 6.48144
5.83402 6.47996
5.84086 6.47295
5.8477 6.46402
5.85455 6.45539
5.86139 6.4653
5.86823 6.47866
5.87508 6.47283
5.88192 6.4512
5.88876 6.44677
5.89561 6.43823
5.90245 6.40205
5.90929 6.39068
5.91614 6.41047
5.92298 6.40262
5.92982 6.37473
5.93667 6.37775
5.94351 6.40159
5.95036 6.4018
5.9572 6.36946
5.96404 6.34653
5.97089 6.34738
5.97773 6.3472
5.98457 6.32301
5.99142 6.29203
5.99826 6.28247
6.0051 6.28928
6.01195 6.31537
6.01879 6.3291
6.02563 6.2893
6.03248 6.24076
6.03932 6.24007
6.04616 6.2453
6.05301 6.2347
6.05985 6.22576
6.06669 6.22256
6.07354 6.23428
6.08038 6.22141
6.08722 6.2127
6.09407 6.21103
6.10091 6.18067
6.10775 6.17438
6.1146 6.20391
6.12144 6.21738
6.12828 6.20685
6.13513 6.2065
6.14197 6.18775
6.14881 6.13003
6.15566 6.10151
6.1625 6.10857
6.16934 6.13469
6.17619 6.14792
6.18303 6.10112
6.18987 6.07242
6.19672 6.06846
6.20356 6.05372
6.21041 6.06348
6.21725 6.05778
6.22409 6.03498
6.23094 6.01255
6.23778 6.00547
6.24462 6.01046
6.25147 6.02112
6.25831 6.03725
6.26515 6.03107
6.272 5.9887
6.27884 5.96542
6.28568 5.99132
6.29253 6.01895
6.29937 6.01792
6.30621 5.98332
6.31306 5.96628
6.3199 5.94358
6.32674 5.93945
6.33359 5.95621
6.34043 5.94072
6.34727 5.92098
6.35412 5.89828
6.36096 5.90806
6.3678 5.93591
6.37465 5.93889
6.38149 5.95717
6.38833 5.9589
6.39518 5.92871
6.40202 5.92514
6.40886 5.90533
6.41571 5.88709
6.42255 5.86894
6.42939 5.81972
6.43624 5.80069
6.44308 5.85327
6.44992 5.87691
6.45677 5.85905
6.46361 5.82962
6.47046 5.83568
6.4773 5.82116
6.48414 5.79815
6.49099 5.83209
6.49783 5.80891
6.50467 5.791
6.51152 5.75619
6.51836 5.74901
6.5252 5.76329
6.53205 5.81222
6.53889 5.80037
6.54573 5.7745
6.55258 5.75762
6.55942 5.75952
6.56626 5.72654
6.57311 5.72564
6.57995 5.72387
6.58679 5.69341
6.59364 5.6712
6.60048 5.6973
6.60732 5.68172
6.61417 5.65383
6.62101 5.69428
6.62785 5.71034
6.6347 5.66947
6.64154 5.64859
6.64838 5.62984
6.65523 5.64696
6.66207 5.66252
6.66891 5.65717
6.67576 5.64238
6.6826 5.63575
6.68944 5.64924
6.69629 5.63882
6.70313 5.64507
6.70997 5.64191
6.71682 5.59737
6.72366 5.65944
6.73051 5.61927
6.73735 5.60137
6.74419 5.56995
6.75104 5.61194
6.75788 5.57568
6.76472 5.53579
6.77157 5.57529
6.77841 5.58671
6.78525 5.59638
6.7921 5.56913
6.79894 5.50223
6.80578 5.514
6.81263 5.54166
6.81947 5.47671
6.82631 5.52287
6.83316 5.54865
6.84 5.46855

