-3.07155 2.93449e-07
-3.07001 2.90628e-07
-3.06848 2.86909e-07
-3.06694 2.86978e-07
-3.06541 2.87532e-07
-3.06387 2.84936e-07
-3.06233 2.82846e-07
-3.0608 2.8423e-07
-3.05926 2.85485e-07
-3.05773 2.83752e-07
-3.05619 2.82205e-07
-3.05465 2.83898e-07
-3.05312 2.86322e-07
-3.05158 2.86031e-07
-3.05004 2.84497e-07
-3.04851 2.85432e-07
-3.04697 2.88694e-07
-3.04544 2.90675e-07
-3.0439 2.89995e-07
-3.04236 2.8948e-07
-3.04083 2.91824e-07
-3.03929 2.95708e-07
-3.03776 2.97804e-07
-3.03622 2.97452e-07
-3.03468 2.97454e-07
-3.03315 3.00239e-07
-3.03161 3.04695e-07
-3.03007 3.07706e-07
-3.02854 3.08117e-07
-3.027 3.08112e-07
-3.02547 3.1047e-07
-3.02393 3.15242e-07
-3.02239 3.19752e-07
-3.02086 3.21746e-07
-3.01932 3.21932e-07
-3.01779 3.23132e-07
-3.01625 3.27145e-07
-3.01471 3.32823e-07
-3.01318 3.37342e-07
-3.01164 3.3919e-07
-3.0101 3.39705e-07
-3.00857 3.41674e-07
-3.00703 3.46524e-07
-3.0055 3.52929e-07
-3.00396 3.58136e-07
-3.00242 3.60623e-07
-3.00089 3.6153e-07
-2.99935 3.6357e-07
-2.99782 3.68518e-07
-2.99628 3.75602e-07
-2.99474 3.82216e-07
-2.99321 3.8624e-07
-2.99167 3.87899e-07
-2.99013 3.89557e-07
-2.9886 3.93693e-07
-2.98706 4.00813e-07
-2.98553 4.09029e-07
-2.98399 4.15623e-07
-2.98245 4.19259e-07
-2.98092 4.21062e-07
-2.97938 4.23729e-07
-2.97785 4.29409e-07
-2.97631 4.38034e-07
-2.97477 4.47363e-07
-2.97324 4.54686e-07
-2.9717 4.58858e-07
-2.97016 4.61169e-07
-2.96863 4.64407e-07
-2.96709 4.70837e-07
-2.96556 4.80564e-07
-2.96402 4.91443e-07
-2.96248 5.00578e-07
-2.96095 5.06348e-07
-2.95941 5.09547e-07
-2.95788 5.12866e-07
-2.95634 5.19089e-07
-2.9548 5.2922e-07
-2.95327 5.41793e-07
-2.95173 5.53809e-07
-2.95019 5.62687e-07
-2.94866 5.67942e-07
-2.94712 5.7154e-07
-2.94559 5.76684e-07
-2.94405 5.85814e-07
-2.94251 5.99071e-07
-2.94098 6.1417e-07
-2.93944 6.27764e-07
-2.93791 6.3747e-07
-2.93637 6.43336e-07
-2.93483 6.47863e-07
-2.9333 6.5458e-07
-2.93176 6.65981e-07
-2.93022 6.82055e-07
-2.92869 7.00231e-07
-2.92715 7.16802e-07
-2.92562 7.29024e-07
-2.92408 7.36695e-07
-2.92254 7.42346e-07
-2.92101 7.49902e-07
-2.91947 7.6256e-07
-2.91794 7.81011e-07
-2.9164 8.03001e-07
-2.91486 8.24464e-07
-2.91333 8.41663e-07
-2.91179 8.53193e-07
-2.91025 8.60812e-07
-2.90872 8.68624e-07
-2.90718 8.81027e-07
-2.90565 9.00449e-07
-2.90411 9.2604e-07
-2.90257 9.53996e-07
-2.90104 9.79388e-07
-2.8995 9.9861e-07
-2.89797 1.01124e-06
-2.89643 1.0204e-06
-2.89489 1.03133e-06
-2.89336 1.04897e-06
-2.89182 1.07549e-06
-2.89028 1.10919e-06
-2.88875 1.14512e-06
-2.88721 1.17733e-06
-2.88568 1.20166e-06
-2.88414 1.21779e-06
-2.8826 1.22958e-06
-2.88107 1.24349e-06
-2.87953 1.26576e-06
-2.878 1.29949e-06
-2.87646 1.34315e-06
-2.87492 1.39098e-06
-2.87339 1.43543e-06
-2.87185 1.47045e-06
-2.87031 1.49428e-06
-2.86878 1.51054e-06
-2.86724 1.52688e-06
-2.86571 1.55199e-06
-2.86417 1.5918e-06
-2.86263 1.64685e-06
-2.8611 1.71167e-06
-2.85956 1.77684e-06
-2.85802 1.8327e-06
-2.85649 1.87352e-06
-2.85495 1.90018e-06
-2.85342 1.9203e-06
-2.85188 1.9456e-06
-2.85034 1.98734e-06
-2.84881 2.05168e-06
-2.84727 2.13685e-06
-2.84574 2.23324e-06
-2.8442 2.32677e-06
-2.84266 2.40428e-06
-2.84113 2.45893e-06
-2.83959 2.49359e-06
-2.83805 2.52055e-06
-2.83652 2.55759e-06
-2.83498 2.62151e-06
-2.83345 2.7215e-06
-2.83191 2.85488e-06
-2.83037 3.00708e-06
-2.82884 3.15623e-06
-2.8273 3.28091e-06
-2.82577 3.36868e-06
-2.82423 3.42193e-06
-2.82269 3.45883e-06
-2.82116 3.50839e-06
-2.81962 3.60084e-06
-2.81808 3.75655e-06
-2.81655 3.97719e-06
-2.81501 4.24287e-06
-2.81348 4.51697e-06
-2.81194 4.75787e-06
-2.8104 4.93433e-06
-2.80887 5.03931e-06
-2.80733 5.09715e-06
-2.8058 5.16035e-06
-2.80426 5.29545e-06
-2.80272 5.56129e-06
-2.80119 5.98595e-06
-2.79965 6.55043e-06
-2.79811 7.18642e-06
-2.79658 7.79207e-06
-2.79504 8.26499e-06
-2.79351 8.5459e-06
-2.79197 8.66184e-06
-2.79043 8.75589e-06
-2.7889 9.09179e-06
-2.78736 1.00268e-05
-2.78583 1.19544e-05
-2.78429 1.52264e-05
-2.78275 2.0073e-05
-2.78122 2.65432e-05
-2.77968 3.44869e-05
-2.77814 4.35956e-05
-2.77661 5.35053e-05
-2.77507 6.39548e-05
-2.77354 7.49741e-05
-2.772 8.70713e-05
-2.77046 0.000101376
-2.76893 0.000119703
-2.76739 0.000144508
-2.76586 0.000178722
-2.76432 0.000225477
-2.76278 0.00028775
-2.76125 0.00036797
-2.75971 0.00046766
-2.75817 0.000587145
-2.75664 0.000725415
-2.7551 0.000880141
-2.75357 0.00104788
-2.75203 0.00122442
-2.75049 0.00140529
-2.74896 0.00158629
-2.74742 0.00176406
-2.74589 0.0019365
-2.74435 0.00210318
-2.74281 0.00226544
-2.74128 0.00242646
-2.73974 0.00259097
-2.7382 0.00276496
-2.73667 0.00295521
-2.73513 0.00316874
-2.7336 0.00341231
-2.73206 0.00369193
-2.73052 0.00401246
-2.72899 0.00437736
-2.72745 0.00478847
-2.72592 0.00524602
-2.72438 0.00574876
-2.72284 0.00629406
-2.72131 0.00687833
-2.71977 0.0074973
-2.71823 0.00814647
-2.7167 0.00882158
-2.71516 0.00951899
-2.71363 0.0102361
-2.71209 0.0109719
-2.71055 0.0117266
-2.70902 0.0125023
-2.70748 0.0133026
-2.70595 0.0141325
-2.70441 0.0149974
-2.70287 0.0159033
-2.70134 0.0168557
-2.6998 0.0178588
-2.69826 0.0189155
-2.69673 0.0200263
-2.69519 0.0211898
-2.69366 0.0224025
-2.69212 0.0236596
-2.69058 0.0249552
-2.68905 0.026284
-2.68751 0.0276418
-2.68598 0.0290271
-2.68444 0.0304416
-2.6829 0.0318912
-2.68137 0.0333861
-2.67983 0.0349405
-2.67829 0.0365725
-2.67676 0.0383021
-2.67522 0.0401509
-2.67369 0.0421393
-2.67215 0.0442861
-2.67061 0.0466059
-2.66908 0.0491086
-2.66754 0.0517985
-2.66601 0.0546737
-2.66447 0.0577265
-2.66293 0.0609444
-2.6614 0.0643105
-2.65986 0.0678055
-2.65832 0.0714088
-2.65679 0.0750997
-2.65525 0.0788592
-2.65372 0.08267
-2.65218 0.0865179
-2.65064 0.0903913
-2.64911 0.0942813
-2.64757 0.0981813
-2.64603 0.102086
-2.6445 0.105992
-2.64296 0.109894
-2.64143 0.11379
-2.63989 0.117675
-2.63835 0.121545
-2.63682 0.125395
-2.63528 0.129222
-2.63375 0.133023
-2.63221 0.136796
-2.63067 0.140542
-2.62914 0.144263
-2.6276 0.147965
-2.62606 0.151655
-2.62453 0.15534
-2.62299 0.159029
-2.62146 0.162733
-2.61992 0.166458
-2.61838 0.170213
-2.61685 0.174001
-2.61531 0.177823
-2.61378 0.181677
-2.61224 0.185559
-2.6107 0.189461
-2.60917 0.193373
-2.60763 0.197283
-2.60609 0.201178
-2.60456 0.205048
-2.60302 0.20888
-2.60149 0.212666
-2.59995 0.216398
-2.59841 0.220072
-2.59688 0.223685
-2.59534 0.227239
-2.59381 0.230734
-2.59227 0.234176
-2.59073 0.237568
-2.5892 0.240916
-2.58766 0.244223
-2.58612 0.247492
-2.58459 0.250723
-2.58305 0.253916
-2.58152 0.257065
-2.57998 0.260162
-2.57844 0.263199
-2.57691 0.266163
-2.57537 0.269038
-2.57384 0.271808
-2.5723 0.274454
-2.57076 0.276959
-2.56923 0.279302
-2.56769 0.281466
-2.56615 0.283432
-2.56462 0.285183
-2.56308 0.286705
-2.56155 0.287986
-2.56001 0.289013
-2.55847 0.289779
-2.55694 0.290278
-2.5554 0.290505
-2.55387 0.290458
-2.55233 0.290139
-2.55079 0.289549
-2.54926 0.288692
-2.54772 0.287573
-2.54618 0.2862
-2.54465 0.284582
-2.54311 0.282731
-2.54158 0.280658
-2.54004 0.27838
-2.5385 0.275915
-2.53697 0.273283
-2.53543 0.270507
-2.5339 0.267613
-2.53236 0.264629
-2.53082 0.261584
-2.52929 0.258509
-2.52775 0.255435
-2.52621 0.252389
-2.52468 0.2494
-2.52314 0.24649
-2.52161 0.243677
-2.52007 0.240973
-2.51853 0.238384
-2.517 0.235907
-2.51546 0.233531
-2.51393 0.231241
-2.51239 0.229014
-2.51085 0.22682
-2.50932 0.224628
-2.50778 0.222407
-2.50624 0.220123
-2.50471 0.217748
-2.50317 0.215257
-2.50164 0.212634
-2.5001 0.209869
-2.49856 0.206963
-2.49703 0.203923
-2.49549 0.200769
-2.49396 0.197525
-2.49242 0.194225
-2.49088 0.190907
-2.48935 0.187609
-2.48781 0.184373
-2.48627 0.181237
-2.48474 0.178235
-2.4832 0.175396
-2.48167 0.172742
-2.48013 0.170285
-2.47859 0.168032
-2.47706 0.16598
-2.47552 0.164118
-2.47399 0.162431
-2.47245 0.160897
-2.47091 0.159494
-2.46938 0.158196
-2.46784 0.15698
-2.4663 0.155824
-2.46477 0.154711
-2.46323 0.153627
-2.4617 0.152565
-2.46016 0.151524
-2.45862 0.150506
-2.45709 0.149523
-2.45555 0.148587
-2.45401 0.147717
-2.45248 0.146934
-2.45094 0.14626
-2.44941 0.145717
-2.44787 0.145329
-2.44633 0.145114
-2.4448 0.145092
-2.44326 0.145277
-2.44173 0.145678
-2.44019 0.146304
-2.43865 0.147155
-2.43712 0.148229
-2.43558 0.149518
-2.43404 0.151012
-2.43251 0.152696
-2.43097 0.154551
-2.42944 0.156556
-2.4279 0.15869
-2.42636 0.160928
-2.42483 0.163247
-2.42329 0.165624
-2.42176 0.168037
-2.42022 0.170468
-2.41868 0.1729
-2.41715 0.17532
-2.41561 0.177719
-2.41407 0.180094
-2.41254 0.182444
-2.411 0.184771
-2.40947 0.187085
-2.40793 0.189395
-2.40639 0.191714
-2.40486 0.194056
-2.40332 0.196437
-2.40179 0.198871
-2.40025 0.20137
-2.39871 0.203947
-2.39718 0.206607
-2.39564 0.209356
-2.3941 0.212193
-2.39257 0.215114
-2.39103 0.218111
-2.3895 0.221172
-2.38796 0.22428
-2.38642 0.227418
-2.38489 0.230566
-2.38335 0.233703
-2.38182 0.236809
-2.38028 0.239862
-2.37874 0.242846
-2.37721 0.245744
-2.37567 0.248544
-2.37413 0.251235
-2.3726 0.253812
-2.37106 0.25627
-2.36953 0.258608
-2.36799 0.260826
-2.36645 0.262928
-2.36492 0.264915
-2.36338 0.266791
-2.36185 0.268556
-2.36031 0.270212
-2.35877 0.271755
-2.35724 0.273183
-2.3557 0.274489
-2.35416 0.275665
-2.35263 0.276701
-2.35109 0.277586
-2.34956 0.278308
-2.34802 0.278856
-2.34648 0.279221
-2.34495 0.279395
-2.34341 0.279371
-2.34188 0.279148
-2.34034 0.278726
-2.3388 0.278112
-2.33727 0.277314
-2.33573 0.276342
-2.33419 0.275212
-2.33266 0.27394
-2.33112 0.272543
-2.32959 0.271038
-2.32805 0.269441
-2.32651 0.267767
-2.32498 0.266028
-2.32344 0.264232
-2.32191 0.262385
-2.32037 0.260488
-2.31883 0.258538
-2.3173 0.256529
-2.31576 0.254454
-2.31422 0.252302
-2.31269 0.25006
-2.31115 0.247717
-2.30962 0.24526
-2.30808 0.242681
-2.30654 0.239971
-2.30501 0.237126
-2.30347 0.234145
-2.30194 0.231029
-2.3004 0.227785
-2.29886 0.224421
-2.29733 0.22095
-2.29579 0.217385
-2.29425 0.213743
-2.29272 0.21004
-2.29118 0.206293
-2.28965 0.202518
-2.28811 0.19873
-2.28657 0.194942
-2.28504 0.191165
-2.2835 0.187406
-2.28197 0.183673
-2.28043 0.179967
-2.27889 0.176291
-2.27736 0.172644
-2.27582 0.169023
-2.27428 0.165425
-2.27275 0.161847
-2.27121 0.158285
-2.26968 0.154735
-2.26814 0.151195
-2.2666 0.147663
-2.26507 0.144139
-2.26353 0.140622
-2.262 0.137115
-2.26046 0.13362
-2.25892 0.13014
-2.25739 0.12668
-2.25585 0.123243
-2.25431 0.119834
-2.25278 0.116458
-2.25124 0.113117
-2.24971 0.109817
-2.24817 0.10656
-2.24663 0.103349
-2.2451 0.100184
-2.24356 0.0970691
-2.24202 0.0940038
-2.24049 0.0909889
-2.23895 0.0880251
-2.23742 0.0851128
-2.23588 0.0822525
-2.23434 0.079445
-2.23281 0.0766912
-2.23127 0.0739927
-2.22974 0.0713511
-2.2282 0.0687687
-2.22666 0.0662481
-2.22513 0.063792
-2.22359 0.0614038
-2.22205 0.0590867
-2.22052 0.056844
-2.21898 0.0546793
-2.21745 0.0525958
-2.21591 0.0505966
-2.21437 0.0486845
-2.21284 0.046862
-2.2113 0.0451313
-2.20977 0.0434941
-2.20823 0.0419518
-2.20669 0.0405054
-2.20516 0.0391556
-2.20362 0.0379029
-2.20208 0.0367475
-2.20055 0.0356896
-2.19901 0.0347293
-2.19748 0.0338666
-2.19594 0.0331018
-2.1944 0.0324354
-2.19287 0.031868
-2.19133 0.0314004
-2.1898 0.0310338
-2.18826 0.0307695
-2.18672 0.0306091
-2.18519 0.0305541
-2.18365 0.0306063
-2.18211 0.0307672
-2.18058 0.0310383
-2.17904 0.0314207
-2.17751 0.0319152
-2.17597 0.032522
-2.17443 0.0332408
-2.1729 0.0340709
-2.17136 0.0350109
-2.16983 0.0360588
-2.16829 0.0372123
-2.16675 0.0384687
-2.16522 0.0398251
-2.16368 0.0412786
-2.16214 0.0428263
-2.16061 0.0444658
-2.15907 0.0461951
-2.15754 0.0480128
-2.156 0.0499183
-2.15446 0.0519118
-2.15293 0.0539944
-2.15139 0.0561679
-2.14986 0.0584348
-2.14832 0.0607982
-2.14678 0.0632614
-2.14525 0.065828
-2.14371 0.0685013
-2.14217 0.0712842
-2.14064 0.0741788
-2.1391 0.0771863
-2.13757 0.0803069
-2.13603 0.0835391
-2.13449 0.0868804
-2.13296 0.0903265
-2.13142 0.0938719
-2.12989 0.0975099
-2.12835 0.101233
-2.12681 0.105032
-2.12528 0.108897
-2.12374 0.112821
-2.1222 0.116793
-2.12067 0.120805
-2.11913 0.124848
-2.1176 0.128917
-2.11606 0.133005
-2.11452 0.137107
-2.11299 0.141221
-2.11145 0.145344
-2.10992 0.149475
-2.10838 0.153616
-2.10684 0.157765
-2.10531 0.161925
-2.10377 0.166097
-2.10223 0.17028
-2.1007 0.174477
-2.09916 0.178686
-2.09763 0.182905
-2.09609 0.187133
-2.09455 0.191364
-2.09302 0.195595
-2.09148 0.199818
-2.08995 0.204027
-2.08841 0.208213
-2.08687 0.212369
-2.08534 0.216486
-2.0838 0.220555
-2.08226 0.224569
-2.08073 0.228521
-2.07919 0.232405
-2.07766 0.236214
-2.07612 0.239947
-2.07458 0.243599
-2.07305 0.24717
-2.07151 0.25066
-2.06998 0.254068
-2.06844 0.257396
-2.0669 0.260644
-2.06537 0.263815
-2.06383 0.266909
-2.06229 0.269925
-2.06076 0.272862
-2.05922 0.275718
-2.05769 0.278489
-2.05615 0.281168
-2.05461 0.283749
-2.05308 0.286223
-2.05154 0.288578
-2.05 0.290805
-2.04847 0.292889
-2.04693 0.294817
-2.0454 0.296576
-2.04386 0.298153
-2.04232 0.299533
-2.04079 0.300705
-2.03925 0.301657
-2.03772 0.302379
-2.03618 0.302862
-2.03464 0.303098
-2.03311 0.303083
-2.03157 0.302812
-2.03003 0.302282
-2.0285 0.301492
-2.02696 0.300443
-2.02543 0.299135
-2.02389 0.297571
-2.02235 0.295753
-2.02082 0.293686
-2.01928 0.291373
-2.01775 0.288819
-2.01621 0.286029
-2.01467 0.28301
-2.01314 0.279769
-2.0116 0.276312
-2.01006 0.272649
-2.00853 0.268789
-2.00699 0.264744
-2.00546 0.260526
-2.00392 0.25615
-2.00238 0.251632
-2.00085 0.246988
-1.99931 0.242238
-1.99778 0.237402
-1.99624 0.232501
-1.9947 0.227556
-1.99317 0.222588
-1.99163 0.21762
-1.99009 0.212671
-1.98856 0.207761
-1.98702 0.202907
-1.98549 0.198125
-1.98395 0.193426
-1.98241 0.188822
-1.98088 0.184319
-1.97934 0.17992
-1.97781 0.175627
-1.97627 0.171436
-1.97473 0.167345
-1.9732 0.163344
-1.97166 0.159426
-1.97012 0.15558
-1.96859 0.151795
-1.96705 0.148061
-1.96552 0.144365
-1.96398 0.140699
-1.96244 0.137053
-1.96091 0.133421
-1.95937 0.129797
-1.95784 0.126178
-1.9563 0.122564
-1.95476 0.118956
-1.95323 0.115356
-1.95169 0.111771
-1.95015 0.108207
-1.94862 0.10467
-1.94708 0.10117
-1.94555 0.0977157
-1.94401 0.0943147
-1.94247 0.0909755
-1.94094 0.0877051
-1.9394 0.0845097
-1.93787 0.0813941
-1.93633 0.0783616
-1.93479 0.0754142
-1.93326 0.0725522
-1.93172 0.0697748
-1.93018 0.0670797
-1.92865 0.0644639
-1.92711 0.0619234
-1.92558 0.059454
-1.92404 0.057051
-1.9225 0.0547099
-1.92097 0.0524265
-1.91943 0.0501971
-1.9179 0.0480186
-1.91636 0.0458888
-1.91482 0.0438062
-1.91329 0.0417704
-1.91175 0.0397815
-1.91021 0.0378409
-1.90868 0.0359501
-1.90714 0.0341114
-1.90561 0.0323276
-1.90407 0.0306014
-1.90253 0.0289357
-1.901 0.0273332
-1.89946 0.0257964
-1.89793 0.0243274
-1.89639 0.0229277
-1.89485 0.0215982
-1.89332 0.0203395
-1.89178 0.0191513
-1.89024 0.0180328
-1.88871 0.0169827
-1.88717 0.0159992
-1.88564 0.0150802
-1.8841 0.0142232
-1.88256 0.0134256
-1.88103 0.0126845
-1.87949 0.0119974
-1.87796 0.0113615
-1.87642 0.0107743
-1.87488 0.0102337
-1.87335 0.00973775
-1.87181 0.00928477
-1.87027 0.00887351
-1.86874 0.00850307
-1.8672 0.00817286
-1.86567 0.00788263
-1.86413 0.00763244
-1.86259 0.00742256
-1.86106 0.00725352
-1.85952 0.00712595
-1.85799 0.00704063
-1.85645 0.00699834
-1.85491 0.00699988
-1.85338 0.00704596
-1.85184 0.00713719
-1.8503 0.00727402
-1.84877 0.00745669
-1.84723 0.00768524
-1.8457 0.00795946
-1.84416 0.0082789
-1.84262 0.00864286
-1.84109 0.00905043
-1.83955 0.00950052
-1.83801 0.00999189
-1.83648 0.0105232
-1.83494 0.0110932
-1.83341 0.0117005
-1.83187 0.0123439
-1.83033 0.0130227
-1.8288 0.0137361
-1.82726 0.0144838
-1.82573 0.0152662
-1.82419 0.0160838
-1.82265 0.016938
-1.82112 0.0178304
-1.81958 0.0187635
-1.81804 0.0197403
-1.81651 0.020764
-1.81497 0.0218387
-1.81344 0.0229686
-1.8119 0.0241583
-1.81036 0.0254124
-1.80883 0.0267357
-1.80729 0.028133
-1.80576 0.0296089
-1.80422 0.0311676
-1.80268 0.032813
-1.80115 0.0345486
-1.79961 0.0363773
-1.79807 0.0383016
-1.79654 0.0403233
-1.795 0.0424436
-1.79347 0.0446632
-1.79193 0.0469824
-1.79039 0.049401
-1.78886 0.0519182
-1.78732 0.0545332
-1.78579 0.0572447
-1.78425 0.0600514
-1.78271 0.0629516
-1.78118 0.0659437
-1.77964 0.0690259
-1.7781 0.0721961
-1.77657 0.0754523
-1.77503 0.0787919
-1.7735 0.0822124
-1.77196 0.0857107
-1.77042 0.0892831
-1.76889 0.0929256
-1.76735 0.0966334
-1.76582 0.100401
-1.76428 0.104222
-1.76274 0.10809
-1.76121 0.111997
-1.75967 0.115935
-1.75813 0.119894
-1.7566 0.123865
-1.75506 0.127839
-1.75353 0.131806
-1.75199 0.135756
-1.75045 0.13968
-1.74892 0.143571
-1.74738 0.147419
-1.74585 0.15122
-1.74431 0.154968
-1.74277 0.158661
-1.74124 0.162296
-1.7397 0.165874
-1.73816 0.169396
-1.73663 0.172868
-1.73509 0.176293
-1.73356 0.17968
-1.73202 0.183037
-1.73048 0.186371
-1.72895 0.189694
-1.72741 0.193016
-1.72588 0.196345
-1.72434 0.199691
-1.7228 0.203063
-1.72127 0.206468
-1.71973 0.209911
-1.71819 0.213395
-1.71666 0.216921
-1.71512 0.220489
-1.71359 0.224096
-1.71205 0.227734
-1.71051 0.231397
-1.70898 0.235073
-1.70744 0.238751
-1.70591 0.242415
-1.70437 0.246052
-1.70283 0.249644
-1.7013 0.253175
-1.69976 0.256627
-1.69822 0.259985
-1.69669 0.263232
-1.69515 0.266354
-1.69362 0.269338
-1.69208 0.272173
-1.69054 0.274851
-1.68901 0.277365
-1.68747 0.279712
-1.68594 0.281892
-1.6844 0.283904
-1.68286 0.285755
-1.68133 0.287451
-1.67979 0.288999
-1.67825 0.290412
-1.67672 0.291701
-1.67518 0.292878
-1.67365 0.293958
-1.67211 0.294955
-1.67057 0.295882
-1.66904 0.296752
-1.6675 0.297577
-1.66597 0.298368
-1.66443 0.299133
-1.66289 0.29988
-1.66136 0.300614
-1.65982 0.301338
-1.65828 0.302052
-1.65675 0.302755
-1.65521 0.303446
-1.65368 0.304118
-1.65214 0.304768
-1.6506 0.305388
-1.64907 0.305971
-1.64753 0.30651
-1.646 0.306998
-1.64446 0.307429
-1.64292 0.307798
-1.64139 0.308101
-1.63985 0.308335
-1.63831 0.308499
-1.63678 0.308596
-1.63524 0.308628
-1.63371 0.308599
-1.63217 0.308517
-1.63063 0.308389
-1.6291 0.308225
-1.62756 0.308035
-1.62602 0.30783
-1.62449 0.307619
-1.62295 0.307415
-1.62142 0.307227
-1.61988 0.307064
-1.61834 0.306934
-1.61681 0.306844
-1.61527 0.306798
-1.61374 0.3068
-1.6122 0.30685
-1.61066 0.306947
-1.60913 0.307091
-1.60759 0.307275
-1.60605 0.307497
-1.60452 0.307749
-1.60298 0.308025
-1.60145 0.308318
-1.59991 0.30862
-1.59837 0.308924
-1.59684 0.309225
-1.5953 0.309517
-1.59377 0.309795
-1.59223 0.310056
-1.59069 0.310299
-1.58916 0.310521
-1.58762 0.310724
-1.58608 0.310909
-1.58455 0.311078
-1.58301 0.311236
-1.58148 0.311385
-1.57994 0.31153
-1.5784 0.311674
-1.57687 0.311823
-1.57533 0.311979
-1.5738 0.312145
-1.57226 0.312324
-1.57072 0.312517
-1.56919 0.312723
-1.56765 0.312943
-1.56611 0.313175
-1.56458 0.313415
-1.56304 0.313661
-1.56151 0.313908
-1.55997 0.314153
-1.55843 0.314389
-1.5569 0.314612
-1.55536 0.314816
-1.55383 0.314996
-1.55229 0.315149
-1.55075 0.315268
-1.54922 0.315351
-1.54768 0.315394
-1.54614 0.315393
-1.54461 0.315347
-1.54307 0.315252
-1.54154 0.315108
-1.54 0.314913
-1.53846 0.314665
-1.53693 0.314363
-1.53539 0.314005
-1.53386 0.31359
-1.53232 0.313115
-1.53078 0.312579
-1.52925 0.311978
-1.52771 0.31131
-1.52617 0.310572
-1.52464 0.309758
-1.5231 0.308867
-1.52157 0.307892
-1.52003 0.306831
-1.51849 0.305678
-1.51696 0.304431
-1.51542 0.303084
-1.51389 0.301636
-1.51235 0.300083
-1.51081 0.298424
-1.50928 0.296656
-1.50774 0.294781
-1.5062 0.292797
-1.50467 0.290707
-1.50313 0.288512
-1.5016 0.286216
-1.50006 0.283823
-1.49852 0.281338
-1.49699 0.278767
-1.49545 0.276115
-1.49392 0.273391
-1.49238 0.270603
-1.49084 0.267759
-1.48931 0.264868
-1.48777 0.26194
-1.48623 0.258986
-1.4847 0.256016
-1.48316 0.253042
-1.48163 0.250074
-1.48009 0.247125
-1.47855 0.244207
-1.47702 0.24133
-1.47548 0.238509
-1.47395 0.235754
-1.47241 0.233077
-1.47087 0.23049
-1.46934 0.228005
-1.4678 0.225631
-1.46626 0.223378
-1.46473 0.221257
-1.46319 0.219275
-1.46166 0.217439
-1.46012 0.215756
-1.45858 0.21423
-1.45705 0.212866
-1.45551 0.211667
-1.45398 0.210632
-1.45244 0.209764
-1.4509 0.20906
-1.44937 0.208519
-1.44783 0.208138
-1.44629 0.207913
-1.44476 0.207839
-1.44322 0.207911
-1.44169 0.208124
-1.44015 0.208473
-1.43861 0.208951
-1.43708 0.209553
-1.43554 0.210273
-1.434 0.211108
-1.43247 0.212051
-1.43093 0.213098
-1.4294 0.214246
-1.42786 0.215492
-1.42632 0.216832
-1.42479 0.218264
-1.42325 0.219785
-1.42172 0.221394
-1.42018 0.223089
-1.41864 0.224868
-1.41711 0.226728
-1.41557 0.228668
-1.41403 0.230686
-1.4125 0.232779
-1.41096 0.234944
-1.40943 0.237179
-1.40789 0.239479
-1.40635 0.241841
-1.40482 0.244261
-1.40328 0.246736
-1.40175 0.249261
-1.40021 0.251833
-1.39867 0.254448
-1.39714 0.257103
-1.3956 0.259796
-1.39406 0.262523
-1.39253 0.265284
-1.39099 0.268077
-1.38946 0.270902
-1.38792 0.273759
-1.38638 0.276648
-1.38485 0.279572
-1.38331 0.282531
-1.38178 0.285527
-1.38024 0.288561
-1.3787 0.291636
-1.37717 0.294752
-1.37563 0.297911
-1.37409 0.30111
-1.37256 0.304351
-1.37102 0.307629
-1.36949 0.310943
-1.36795 0.314286
-1.36641 0.317653
-1.36488 0.321036
-1.36334 0.324426
-1.36181 0.327813
-1.36027 0.331185
-1.35873 0.334531
-1.3572 0.337836
-1.35566 0.341088
-1.35412 0.344271
-1.35259 0.347373
-1.35105 0.35038
-1.34952 0.353279
-1.34798 0.356057
-1.34644 0.358705
-1.34491 0.361211
-1.34337 0.363569
-1.34184 0.365773
-1.3403 0.367818
-1.33876 0.369701
-1.33723 0.371424
-1.33569 0.372986
-1.33415 0.374392
-1.33262 0.375646
-1.33108 0.376755
-1.32955 0.377728
-1.32801 0.378572
-1.32647 0.379297
-1.32494 0.379913
-1.3234 0.38043
-1.32187 0.380859
-1.32033 0.381208
-1.31879 0.381487
-1.31726 0.381704
-1.31572 0.381866
-1.31418 0.381978
-1.31265 0.382045
-1.31111 0.38207
-1.30958 0.382056
-1.30804 0.382002
-1.3065 0.381907
-1.30497 0.381771
-1.30343 0.38159
-1.3019 0.381361
-1.30036 0.381079
-1.29882 0.38074
-1.29729 0.380341
-1.29575 0.379875
-1.29421 0.37934
-1.29268 0.378732
-1.29114 0.378047
-1.28961 0.377284
-1.28807 0.376441
-1.28653 0.375519
-1.285 0.374519
-1.28346 0.373441
-1.28193 0.37229
-1.28039 0.37107
-1.27885 0.369784
-1.27732 0.36844
-1.27578 0.367043
-1.27424 0.365599
-1.27271 0.364117
-1.27117 0.362602
-1.26964 0.361063
-1.2681 0.359505
-1.26656 0.357936
-1.26503 0.356361
-1.26349 0.354785
-1.26196 0.353214
-1.26042 0.351651
-1.25888 0.350099
-1.25735 0.34856
-1.25581 0.347034
-1.25427 0.345522
-1.25274 0.344024
-1.2512 0.342537
-1.24967 0.34106
-1.24813 0.33959
-1.24659 0.338122
-1.24506 0.336654
-1.24352 0.33518
-1.24199 0.333696
-1.24045 0.332198
-1.23891 0.330681
-1.23738 0.329139
-1.23584 0.327569
-1.2343 0.325966
-1.23277 0.324326
-1.23123 0.322646
-1.2297 0.320922
-1.22816 0.319151
-1.22662 0.317333
-1.22509 0.315464
-1.22355 0.313544
-1.22201 0.311573
-1.22048 0.309551
-1.21894 0.307479
-1.21741 0.305358
-1.21587 0.303192
-1.21433 0.300981
-1.2128 0.298731
-1.21126 0.296444
-1.20973 0.294125
-1.20819 0.291778
-1.20665 0.28941
-1.20512 0.287024
-1.20358 0.284626
-1.20204 0.282223
-1.20051 0.279819
-1.19897 0.277421
-1.19744 0.275035
-1.1959 0.272666
-1.19436 0.270319
-1.19283 0.268
-1.19129 0.265713
-1.18976 0.263463
-1.18822 0.261253
-1.18668 0.259089
-1.18515 0.256973
-1.18361 0.254908
-1.18207 0.252897
-1.18054 0.250942
-1.179 0.249045
-1.17747 0.247208
-1.17593 0.245432
-1.17439 0.243719
-1.17286 0.242069
-1.17132 0.240484
-1.16979 0.238965
-1.16825 0.237513
-1.16671 0.23613
-1.16518 0.234815
-1.16364 0.233572
-1.1621 0.232402
-1.16057 0.231305
-1.15903 0.230285
-1.1575 0.229344
-1.15596 0.228484
-1.15442 0.227706
-1.15289 0.227015
-1.15135 0.226413
-1.14982 0.225902
-1.14828 0.225486
-1.14674 0.225166
-1.14521 0.224947
-1.14367 0.22483
-1.14213 0.224819
-1.1406 0.224915
-1.13906 0.225121
-1.13753 0.225439
-1.13599 0.225871
-1.13445 0.226418
-1.13292 0.227082
-1.13138 0.227864
-1.12985 0.228765
-1.12831 0.229785
-1.12677 0.230924
-1.12524 0.232183
-1.1237 0.23356
-1.12216 0.235056
-1.12063 0.236669
-1.11909 0.238397
-1.11756 0.240239
-1.11602 0.242193
-1.11448 0.244256
-1.11295 0.246425
-1.11141 0.248697
-1.10988 0.251068
-1.10834 0.253534
-1.1068 0.256091
-1.10527 0.258733
-1.10373 0.261456
-1.10219 0.264254
-1.10066 0.267122
-1.09912 0.270052
-1.09759 0.273039
-1.09605 0.276076
-1.09451 0.279158
-1.09298 0.282276
-1.09144 0.285425
-1.08991 0.288598
-1.08837 0.291789
-1.08683 0.294991
-1.0853 0.298199
-1.08376 0.301407
-1.08222 0.30461
-1.08069 0.307803
-1.07915 0.310981
-1.07762 0.31414
-1.07608 0.317278
-1.07454 0.32039
-1.07301 0.323474
-1.07147 0.326528
-1.06994 0.32955
-1.0684 0.332539
-1.06686 0.335493
-1.06533 0.33841
-1.06379 0.341291
-1.06225 0.344135
-1.06072 0.346941
-1.05918 0.349708
-1.05765 0.352436
-1.05611 0.355125
-1.05457 0.357773
-1.05304 0.360379
-1.0515 0.362943
-1.04997 0.365463
-1.04843 0.367939
-1.04689 0.370367
-1.04536 0.372748
-1.04382 0.375078
-1.04228 0.377357
-1.04075 0.379581
-1.03921 0.38175
-1.03768 0.383862
-1.03614 0.385913
-1.0346 0.387904
-1.03307 0.389832
-1.03153 0.391696
-1.03 0.393494
-1.02846 0.395226
-1.02692 0.396891
-1.02539 0.398489
-1.02385 0.400018
-1.02231 0.401479
-1.02078 0.402872
-1.01924 0.404196
-1.01771 0.405453
-1.01617 0.406642
-1.01463 0.407764
-1.0131 0.408819
-1.01156 0.409806
-1.01002 0.410727
-1.00849 0.411581
-1.00695 0.412368
-1.00542 0.413086
-1.00388 0.413736
-1.00234 0.414316
-1.00081 0.414825
-0.999272 0.415262
-0.997736 0.415623
-0.9962 0.415908
-0.994663 0.416114
-0.993127 0.416239
-0.991591 0.416278
-0.990055 0.41623
-0.988519 0.416091
-0.986983 0.415859
-0.985446 0.415528
-0.98391 0.415097
-0.982374 0.414561
-0.980838 0.413916
-0.979302 0.41316
-0.977766 0.412289
-0.976229 0.411298
-0.974693 0.410185
-0.973157 0.408945
-0.971621 0.407576
-0.970085 0.406074
-0.968549 0.404436
-0.967012 0.402659
-0.965476 0.40074
-0.96394 0.398677
-0.962404 0.396467
-0.960868 0.394109
-0.959332 0.3916
-0.957796 0.388941
-0.956259 0.38613
-0.954723 0.383168
-0.953187 0.380055
-0.951651 0.376793
-0.950115 0.373383
-0.948579 0.369828
-0.947042 0.366132
-0.945506 0.362299
-0.94397 0.358335
-0.942434 0.354244
-0.940898 0.350033
-0.939362 0.345711
-0.937825 0.341283
-0.936289 0.336759
-0.934753 0.332148
-0.933217 0.327458
-0.931681 0.322699
-0.930145 0.31788
-0.928608 0.313012
-0.927072 0.308103
-0.925536 0.303163
-0.924 0.2982
-0.922464 0.293224
-0.920928 0.288243
-0.919392 0.283263
-0.917855 0.278291
-0.916319 0.273335
-0.914783 0.268398
-0.913247 0.263486
-0.911711 0.258602
-0.910175 0.253749
-0.908638 0.248929
-0.907102 0.244144
-0.905566 0.239395
-0.90403 0.234682
-0.902494 0.230004
-0.900958 0.22536
-0.899421 0.220751
-0.897885 0.216173
-0.896349 0.211626
-0.894813 0.207108
-0.893277 0.202617
-0.891741 0.198151
-0.890204 0.193708
-0.888668 0.189288
-0.887132 0.184889
-0.885596 0.180511
-0.88406 0.176152
-0.882524 0.171812
-0.880988 0.167492
-0.879451 0.163192
-0.877915 0.158913
-0.876379 0.154657
-0.874843 0.150424
-0.873307 0.146218
-0.871771 0.14204
-0.870234 0.137893
-0.868698 0.133781
-0.867162 0.129705
-0.865626 0.125671
-0.86409 0.12168
-0.862554 0.117738
-0.861017 0.113846
-0.859481 0.110011
-0.857945 0.106234
-0.856409 0.10252
-0.854873 0.0988731
-0.853337 0.095296
-0.851801 0.0917922
-0.850264 0.0883652
-0.848728 0.0850179
-0.847192 0.081753
-0.845656 0.0785731
-0.84412 0.0754804
-0.842584 0.0724771
-0.841047 0.0695646
-0.839511 0.0667445
-0.837975 0.0640178
-0.836439 0.0613855
-0.834903 0.058848
-0.833367 0.0564058
-0.83183 0.0540589
-0.830294 0.0518071
-0.828758 0.0496503
-0.827222 0.047588
-0.825686 0.0456196
-0.82415 0.0437446
-0.822613 0.0419621
-0.821077 0.0402714
-0.819541 0.0386719
-0.818005 0.0371627
-0.816469 0.0357433
-0.814933 0.034413
-0.813397 0.0331713
-0.81186 0.0320177
-0.810324 0.0309518
-0.808788 0.0299734
-0.807252 0.0290822
-0.805716 0.0282782
-0.80418 0.0275611
-0.802643 0.026931
-0.801107 0.0263878
-0.799571 0.0259316
-0.798035 0.0255623
-0.796499 0.0252798
-0.794963 0.0250841
-0.793426 0.0249749
-0.79189 0.024952
-0.790354 0.0250151
-0.788818 0.0251637
-0.787282 0.0253973
-0.785746 0.0257152
-0.784209 0.0261168
-0.782673 0.0266013
-0.781137 0.0271678
-0.779601 0.0278155
-0.778065 0.0285434
-0.776529 0.0293506
-0.774993 0.0302362
-0.773456 0.0311993
-0.77192 0.0322392
-0.770384 0.0333551
-0.768848 0.0345463
-0.767312 0.0358123
-0.765776 0.0371527
-0.764239 0.0385671
-0.762703 0.0400552
-0.761167 0.0416171
-0.759631 0.0432526
-0.758095 0.0449617
-0.756559 0.0467445
-0.755022 0.0486012
-0.753486 0.0505317
-0.75195 0.0525363
-0.750414 0.0546148
-0.748878 0.0567672
-0.747342 0.0589932
-0.745805 0.0612925
-0.744269 0.0636645
-0.742733 0.0661084
-0.741197 0.0686232
-0.739661 0.0712078
-0.738125 0.0738605
-0.736589 0.0765798
-0.735052 0.0793636
-0.733516 0.0822097
-0.73198 0.0851157
-0.730444 0.088079
-0.728908 0.0910967
-0.727372 0.094166
-0.725835 0.0972836
-0.724299 0.100447
-0.722763 0.103652
-0.721227 0.106895
-0.719691 0.110175
-0.718155 0.113487
-0.716618 0.116828
-0.715082 0.120196
-0.713546 0.123588
-0.71201 0.127001
-0.710474 0.130432
-0.708938 0.13388
-0.707401 0.137343
-0.705865 0.140819
-0.704329 0.144306
-0.702793 0.147803
-0.701257 0.151308
-0.699721 0.154821
-0.698185 0.15834
-0.696648 0.161865
-0.695112 0.165395
-0.693576 0.168928
-0.69204 0.172464
-0.690504 0.176002
-0.688968 0.179541
-0.687431 0.183078
-0.685895 0.186613
-0.684359 0.190143
-0.682823 0.193666
-0.681287 0.197178
-0.679751 0.200678
-0.678214 0.20416
-0.676678 0.207622
-0.675142 0.211058
-0.673606 0.214463
-0.67207 0.217832
-0.670534 0.221159
-0.668998 0.224438
-0.667461 0.227661
-0.665925 0.230823
-0.664389 0.233915
-0.662853 0.236932
-0.661317 0.239864
-0.659781 0.242705
-0.658244 0.245449
-0.656708 0.248087
-0.655172 0.250613
-0.653636 0.25302
-0.6521 0.255303
-0.650564 0.257457
-0.649027 0.259476
-0.647491 0.261355
-0.645955 0.263093
-0.644419 0.264684
-0.642883 0.266128
-0.641347 0.267422
-0.63981 0.268566
-0.638274 0.269559
-0.636738 0.270402
-0.635202 0.271094
-0.633666 0.271638
-0.63213 0.272034
-0.630594 0.272284
-0.629057 0.272391
-0.627521 0.272357
-0.625985 0.272183
-0.624449 0.271871
-0.622913 0.271425
-0.621377 0.270844
-0.61984 0.270132
-0.618304 0.269288
-0.616768 0.268315
-0.615232 0.267214
-0.613696 0.265984
-0.61216 0.264626
-0.610623 0.263141
-0.609087 0.261528
-0.607551 0.259788
-0.606015 0.257921
-0.604479 0.255927
-0.602943 0.253806
-0.601406 0.251559
-0.59987 0.249187
-0.598334 0.246691
-0.596798 0.244073
-0.595262 0.241337
-0.593726 0.238483
-0.59219 0.235518
-0.590653 0.232443
-0.589117 0.229265
-0.587581 0.225988
-0.586045 0.222619
-0.584509 0.219164
-0.582973 0.21563
-0.581436 0.212024
-0.5799 0.208355
-0.578364 0.204628
-0.576828 0.200854
-0.575292 0.197038
-0.573756 0.193191
-0.572219 0.189318
-0.570683 0.185428
-0.569147 0.181529
-0.567611 0.177626
-0.566075 0.173726
-0.564539 0.169836
-0.563002 0.16596
-0.561466 0.162104
-0.55993 0.158273
-0.558394 0.15447
-0.556858 0.150698
-0.555322 0.146961
-0.553786 0.143262
-0.552249 0.139602
-0.550713 0.135983
-0.549177 0.132407
-0.547641 0.128875
-0.546105 0.125387
-0.544569 0.121945
-0.543032 0.118549
-0.541496 0.1152
-0.53996 0.111898
-0.538424 0.108643
-0.536888 0.105437
-0.535352 0.102278
-0.533815 0.0991672
-0.532279 0.0961055
-0.530743 0.0930929
-0.529207 0.0901298
-0.527671 0.0872166
-0.526135 0.0843537
-0.524599 0.0815414
-0.523062 0.0787803
-0.521526 0.0760707
-0.51999 0.0734129
-0.518454 0.0708075
-0.516918 0.0682547
-0.515382 0.0657549
-0.513845 0.0633084
-0.512309 0.0609156
-0.510773 0.0585765
-0.509237 0.0562916
-0.507701 0.0540611
-0.506165 0.0518851
-0.504628 0.0497639
-0.503092 0.0476977
-0.501556 0.0456865
-0.50002 0.0437307
-0.498484 0.0418303
-0.496948 0.0399854
-0.495411 0.0381963
-0.493875 0.036463
-0.492339 0.0347856
-0.490803 0.0331641
-0.489267 0.0315986
-0.487731 0.0300891
-0.486195 0.0286355
-0.484658 0.0272376
-0.483122 0.0258954
-0.481586 0.0246086
-0.48005 0.0233768
-0.478514 0.0221997
-0.476978 0.0210769
-0.475441 0.0200078
-0.473905 0.0189917
-0.472369 0.0180281
-0.470833 0.0171162
-0.469297 0.0162551
-0.467761 0.0154439
-0.466224 0.0146818
-0.464688 0.0139677
-0.463152 0.0133006
-0.461616 0.0126795
-0.46008 0.0121033
-0.458544 0.0115709
-0.457007 0.0110812
-0.455471 0.0106332
-0.453935 0.0102259
-0.452399 0.00985831
-0.450863 0.00952953
-0.449327 0.00923873
-0.447791 0.00898514
-0.446254 0.00876814
-0.444718 0.00858717
-0.443182 0.00844183
-0.441646 0.0083318
-0.44011 0.00825694
-0.438574 0.00821722
-0.437037 0.00821275
-0.435501 0.0082438
-0.433965 0.00831075
-0.432429 0.00841412
-0.430893 0.00855453
-0.429357 0.00873274
-0.42782 0.00894957
-0.426284 0.00920591
-0.424748 0.00950271
-0.423212 0.00984095
-0.421676 0.0102216
-0.42014 0.0106456
-0.418603 0.0111139
-0.417067 0.0116274
-0.415531 0.0121867
-0.413995 0.0127926
-0.412459 0.0134454
-0.410923 0.0141457
-0.409387 0.0148937
-0.40785 0.0156893
-0.406314 0.0165326
-0.404778 0.0174233
-0.403242 0.0183611
-0.401706 0.0193456
-0.40017 0.0203761
-0.398633 0.021452
-0.397097 0.0225728
-0.395561 0.0237378
-0.394025 0.0249463
-0.392489 0.0261979
-0.390953 0.027492
-0.389416 0.0288284
-0.38788 0.0302068
-0.386344 0.0316274
-0.384808 0.0330903
-0.383272 0.034596
-0.381736 0.036145
-0.3802 0.0377383
-0.378663 0.0393768
-0.377127 0.0410617
-0.375591 0.0427944
-0.374055 0.0445763
-0.372519 0.0464089
-0.370983 0.0482937
-0.369446 0.0502323
-0.36791 0.0522259
-0.366374 0.054276
-0.364838 0.0563835
-0.363302 0.0585493
-0.361766 0.0607739
-0.360229 0.0630575
-0.358693 0.0654
-0.357157 0.0678008
-0.355621 0.070259
-0.354085 0.0727731
-0.352549 0.0753414
-0.351012 0.0779616
-0.349476 0.0806313
-0.34794 0.0833474
-0.346404 0.0861068
-0.344868 0.0889059
-0.343332 0.091741
-0.341796 0.0946083
-0.340259 0.0975037
-0.338723 0.100423
-0.337187 0.103363
-0.335651 0.106319
-0.334115 0.109288
-0.332579 0.112266
-0.331042 0.115249
-0.329506 0.118236
-0.32797 0.121223
-0.326434 0.124207
-0.324898 0.127187
-0.323362 0.130162
-0.321825 0.133129
-0.320289 0.136088
-0.318753 0.139039
-0.317217 0.14198
-0.315681 0.144912
-0.314145 0.147835
-0.312608 0.150748
-0.311072 0.153653
-0.309536 0.15655
-0.308 0.159438
-0.306464 0.162319
-0.304928 0.165191
-0.303392 0.168056
-0.301855 0.170912
-0.300319 0.173759
-0.298783 0.176597
-0.297247 0.179424
-0.295711 0.182239
-0.294175 0.18504
-0.292638 0.187824
-0.291102 0.190589
-0.289566 0.193332
-0.28803 0.196049
-0.286494 0.198738
-0.284958 0.201393
-0.283421 0.204012
-0.281885 0.206589
-0.280349 0.20912
-0.278813 0.2116
-0.277277 0.214024
-0.275741 0.216387
-0.274204 0.218685
-0.272668 0.220913
-0.271132 0.223066
-0.269596 0.22514
-0.26806 0.22713
-0.266524 0.229032
-0.264988 0.230843
-0.263451 0.232559
-0.261915 0.234178
-0.260379 0.235697
-0.258843 0.237112
-0.257307 0.238424
-0.255771 0.239629
-0.254234 0.240728
-0.252698 0.241719
-0.251162 0.242602
-0.249626 0.243377
-0.24809 0.244045
-0.246554 0.244605
-0.245017 0.245058
-0.243481 0.245405
-0.241945 0.245646
-0.240409 0.245784
-0.238873 0.245818
-0.237337 0.245749
-0.2358 0.245578
-0.234264 0.245306
-0.232728 0.244933
-0.231192 0.244459
-0.229656 0.243885
-0.22812 0.24321
-0.226584 0.242435
-0.225047 0.241558
-0.223511 0.24058
-0.221975 0.2395
-0.220439 0.238317
-0.218903 0.237032
-0.217367 0.235643
-0.21583 0.23415
-0.214294 0.232554
-0.212758 0.230854
-0.211222 0.229052
-0.209686 0.227147
-0.20815 0.225142
-0.206613 0.223039
-0.205077 0.220839
-0.203541 0.218546
-0.202005 0.216163
-0.200469 0.213694
-0.198933 0.211144
-0.197397 0.208518
-0.19586 0.205821
-0.194324 0.20306
-0.192788 0.20024
-0.191252 0.19737
-0.189716 0.194454
-0.18818 0.191502
-0.186643 0.188519
-0.185107 0.185514
-0.183571 0.182493
-0.182035 0.179463
-0.180499 0.176431
-0.178963 0.173403
-0.177426 0.170386
-0.17589 0.167384
-0.174354 0.164403
-0.172818 0.161447
-0.171282 0.15852
-0.169746 0.155625
-0.168209 0.152765
-0.166673 0.149942
-0.165137 0.147156
-0.163601 0.14441
-0.162065 0.141702
-0.160529 0.139033
-0.158993 0.136402
-0.157456 0.133807
-0.15592 0.131247
-0.154384 0.128721
-0.152848 0.126225
-0.151312 0.123758
-0.149776 0.121317
-0.148239 0.1189
-0.146703 0.116503
-0.145167 0.114126
-0.143631 0.111765
-0.142095 0.109418
-0.140559 0.107082
-0.139022 0.104758
-0.137486 0.102441
-0.13595 0.100133
-0.134414 0.0978302
-0.132878 0.0955334
-0.131342 0.0932418
-0.129805 0.0909553
-0.128269 0.088674
-0.126733 0.0863984
-0.125197 0.0841293
-0.123661 0.0818676
-0.122125 0.0796146
-0.120589 0.0773718
-0.119052 0.0751407
-0.117516 0.0729234
-0.11598 0.0707216
-0.114444 0.0685375
-0.112908 0.0663733
-0.111372 0.0642311
-0.109835 0.0621134
-0.108299 0.0600222
-0.106763 0.0579599
-0.105227 0.0559286
-0.103691 0.0539305
-0.102155 0.0519674
-0.100618 0.0500414
-0.0990823 0.048154
-0.0975461 0.0463069
-0.09601 0.0445014
-0.0944738 0.0427388
-0.0929377 0.04102
-0.0914015 0.0393458
-0.0898653 0.0377168
-0.0883292 0.0361334
-0.086793 0.0345958
-0.0852569 0.0331039
-0.0837207 0.0316576
-0.0821845 0.0302566
-0.0806484 0.0289003
-0.0791122 0.0275882
-0.0775761 0.0263195
-0.0760399 0.0250933
-0.0745037 0.0239088
-0.0729676 0.0227651
-0.0714314 0.0216611
-0.0698953 0.0205959
-0.0683591 0.0195686
-0.0668229 0.0185783
-0.0652868 0.017624
-0.0637506 0.0167049
-0.0622145 0.0158204
-0.0606783 0.0149698
-0.0591421 0.0141525
-0.057606 0.013368
-0.0560698 0.0126159
-0.0545337 0.011896
-0.0529975 0.0112081
-0.0514613 0.010552
-0.0499252 0.00992757
-0.048389 0.00933485
-0.0468529 0.00877383
-0.0453167 0.00824455
-0.0437805 0.00774703
-0.0422444 0.00728129
-0.0407082 0.00684736
-0.0391721 0.00644518
-0.0376359 0.00607467
-0.0360998 0.0057357
-0.0345636 0.00542803
-0.0330274 0.00515137
-0.0314913 0.00490535
-0.0299551 0.00468949
-0.028419 0.00450326
-0.0268828 0.00434601
-0.0253466 0.00421705
-0.0238105 0.00411561
-0.0222743 0.00404085
-0.0207382 0.00399191
-0.019202 0.00396789
-0.0176658 0.00396789
-0.0161297 0.00399099
-0.0145935 0.00403633
-0.0130574 0.00410307
-0.0115212 0.00419041
-0.00998504 0.00429766
-0.00844888 0.0044242
-0.00691272 0.0045695
-0.00537656 0.00473316
-0.0038404 0.0049149
-0.00230424 0.00511454
-0.00076808 0.00533205
0.00076808 0.00556752
0.00230424 0.00582115
0.0038404 0.00609327
0.00537656 0.0063843
0.00691272 0.00669476
0.00844888 0.00702524
0.00998504 0.00737641
0.0115212 0.00774896
0.0130574 0.00814364
0.0145935 0.00856117
0.0161297 0.00900232
0.0176658 0.00946779
0.019202 0.00995829
0.0207382 0.0104745
0.0222743 0.0110169
0.0238105 0.0115862
0.0253466 0.0121828
0.0268828 0.0128072
0.028419 0.0134599
0.0299551 0.0141411
0.0314913 0.0148513
0.0330274 0.0155908
0.0345636 0.01636
0.0360998 0.0171593
0.0376359 0.0179892
0.0391721 0.0188503
0.0407082 0.0197431
0.0422444 0.0206684
0.0437805 0.0216271
0.0453167 0.0226201
0.0468529 0.0236486
0.048389 0.0247139
0.0499252 0.0258174
0.0514613 0.0269606
0.0529975 0.0281451
0.0545337 0.0293727
0.0560698 0.0306452
0.057606 0.0319646
0.0591421 0.0333325
0.0606783 0.034751
0.0622145 0.0362218
0.0637506 0.0377466
0.0652868 0.039327
0.0668229 0.0409645
0.0683591 0.0426602
0.0698953 0.044415
0.0714314 0.0462299
0.0729676 0.048105
0.0745037 0.0500407
0.0760399 0.0520368
0.0775761 0.0540927
0.0791122 0.0562076
0.0806484 0.0583804
0.0821845 0.0606096
0.0837207 0.0628936
0.0852569 0.0652303
0.086793 0.0676174
0.0883292 0.0700526
0.0898653 0.0725331
0.0914015 0.0750561
0.0929377 0.0776186
0.0944738 0.0802177
0.09601 0.0828502
0.0975461 0.085513
0.0990823 0.0882028
0.100618 0.0909167
0.102155 0.0936514
0.103691 0.096404
0.105227 0.0991716
0.106763 0.101951
0.108299 0.10474
0.109835 0.107536
0.111372 0.110336
0.112908 0.113139
0.114444 0.115941
0.11598 0.118741
0.117516 0.121538
0.119052 0.124329
0.120589 0.127114
0.122125 0.12989
0.123661 0.132657
0.125197 0.135414
0.126733 0.138161
0.128269 0.140897
0.129805 0.143621
0.131342 0.146334
0.132878 0.149036
0.134414 0.151726
0.13595 0.154406
0.137486 0.157075
0.139022 0.159734
0.140559 0.162384
0.142095 0.165025
0.143631 0.167658
0.145167 0.170283
0.146703 0.172899
0.148239 0.175509
0.149776 0.17811
0.151312 0.180704
0.152848 0.183288
0.154384 0.185862
0.15592 0.188425
0.157456 0.190975
0.158993 0.19351
0.160529 0.196026
0.162065 0.198521
0.163601 0.200992
0.165137 0.203434
0.166673 0.205843
0.168209 0.208216
0.169746 0.210547
0.171282 0.21283
0.172818 0.215062
0.174354 0.217237
0.17589 0.21935
0.177426 0.221396
0.178963 0.223368
0.180499 0.225264
0.182035 0.227078
0.183571 0.228805
0.185107 0.230441
0.186643 0.231984
0.18818 0.233429
0.189716 0.234774
0.191252 0.236015
0.192788 0.237151
0.194324 0.23818
0.19586 0.2391
0.197397 0.239911
0.198933 0.240611
0.200469 0.241199
0.202005 0.241677
0.203541 0.242043
0.205077 0.242297
0.206613 0.242441
0.20815 0.242473
0.209686 0.242396
0.211222 0.242208
0.212758 0.241912
0.214294 0.241507
0.21583 0.240995
0.217367 0.240376
0.218903 0.239652
0.220439 0.238823
0.221975 0.237892
0.223511 0.236859
0.225047 0.235726
0.226584 0.234495
0.22812 0.233168
0.229656 0.231748
0.231192 0.230236
0.232728 0.228636
0.234264 0.226951
0.2358 0.225183
0.237337 0.223336
0.238873 0.221414
0.240409 0.219419
0.241945 0.217356
0.243481 0.215228
0.245017 0.213039
0.246554 0.210792
0.24809 0.20849
0.249626 0.206138
0.251162 0.203737
0.252698 0.201292
0.254234 0.198804
0.255771 0.196275
0.257307 0.193708
0.258843 0.191105
0.260379 0.188467
0.261915 0.185795
0.263451 0.18309
0.264988 0.180353
0.266524 0.177586
0.26806 0.174787
0.269596 0.171959
0.271132 0.169101
0.272668 0.166215
0.274204 0.163301
0.275741 0.160359
0.277277 0.157393
0.278813 0.154401
0.280349 0.151388
0.281885 0.148353
0.283421 0.145301
0.284958 0.142233
0.286494 0.139152
0.28803 0.136062
0.289566 0.132966
0.291102 0.129869
0.292638 0.126773
0.294175 0.123683
0.295711 0.120603
0.297247 0.117538
0.298783 0.114491
0.300319 0.111467
0.301855 0.10847
0.303392 0.105504
0.304928 0.102572
0.306464 0.0996774
0.308 0.0968238
0.309536 0.0940138
0.311072 0.0912497
0.312608 0.0885336
0.314145 0.0858673
0.315681 0.083252
0.317217 0.0806889
0.318753 0.0781785
0.320289 0.0757213
0.321825 0.0733173
0.323362 0.0709666
0.324898 0.0686686
0.326434 0.0664229
0.32797 0.0642288
0.329506 0.0620856
0.331042 0.0599923
0.332579 0.057948
0.334115 0.055952
0.335651 0.0540032
0.337187 0.0521008
0.338723 0.0502441
0.340259 0.0484322
0.341796 0.0466646
0.343332 0.0449407
0.344868 0.04326
0.346404 0.0416222
0.34794 0.0400269
0.349476 0.038474
0.351012 0.0369633
0.352549 0.0354948
0.354085 0.0340685
0.355621 0.0326844
0.357157 0.0313425
0.358693 0.0300429
0.360229 0.0287856
0.361766 0.0275706
0.363302 0.026398
0.364838 0.0252676
0.366374 0.0241795
0.36791 0.0231333
0.369446 0.0221289
0.370983 0.0211659
0.372519 0.0202441
0.374055 0.0193628
0.375591 0.0185216
0.377127 0.0177199
0.378663 0.0169571
0.3802 0.0162324
0.381736 0.0155452
0.383272 0.0148946
0.384808 0.01428
0.386344 0.0137005
0.38788 0.0131554
0.389416 0.012644
0.390953 0.0121658
0.392489 0.0117199
0.394025 0.0113061
0.395561 0.0109239
0.397097 0.0105729
0.398633 0.010253
0.40017 0.0099641
0.401706 0.00970631
0.403242 0.00947979
0.404778 0.00928486
0.406314 0.00912196
0.40785 0.00899168
0.409387 0.00889469
0.410923 0.00883178
0.412459 0.00880383
0.413995 0.0088118
0.415531 0.00885673
0.417067 0.00893969
0.418603 0.00906179
0.42014 0.00922417
0.421676 0.00942796
0.423212 0.00967428
0.424748 0.00996422
0.426284 0.0102988
0.42782 0.0106791
0.429357 0.011106
0.430893 0.0115804
0.432429 0.0121031
0.433965 0.0126748
0.435501 0.0132961
0.437037 0.0139677
0.438574 0.0146899
0.44011 0.0154632
0.441646 0.0162881
0.443182 0.0171647
0.444718 0.0180934
0.446254 0.0190744
0.447791 0.0201079
0.449327 0.0211942
0.450863 0.0223336
0.452399 0.0235262
0.453935 0.0247725
0.455471 0.0260728
0.457007 0.0274276
0.458544 0.0288373
0.46008 0.0303027
0.461616 0.0318244
0.463152 0.0334034
0.464688 0.0350405
0.466224 0.0367367
0.467761 0.0384934
0.469297 0.0403117
0.470833 0.0421931
0.472369 0.0441389
0.473905 0.0461507
0.475441 0.0482301
0.476978 0.0503787
0.478514 0.0525979
0.48005 0.0548894
0.481586 0.0572545
0.483122 0.0596947
0.484658 0.0622111
0.486195 0.0648048
0.487731 0.0674765
0.489267 0.0702266
0.490803 0.0730555
0.492339 0.075963
0.493875 0.0789486
0.495411 0.0820114
0.496948 0.08515
0.498484 0.0883628
0.50002 0.0916476
0.501556 0.0950017
0.503092 0.0984222
0.504628 0.101905
0.506165 0.105448
0.507701 0.109045
0.509237 0.112692
0.510773 0.116385
0.512309 0.120118
0.513845 0.123887
0.515382 0.127685
0.516918 0.131508
0.518454 0.13535
0.51999 0.139207
0.521526 0.143071
0.523062 0.14694
0.524599 0.150807
0.526135 0.154669
0.527671 0.15852
0.529207 0.162358
0.530743 0.166178
0.532279 0.169977
0.533815 0.173751
0.535352 0.177499
0.536888 0.181218
0.538424 0.184904
0.53996 0.188557
0.541496 0.192173
0.543032 0.195752
0.544569 0.199292
0.546105 0.202789
0.547641 0.206244
0.549177 0.209652
0.550713 0.213013
0.552249 0.216324
0.553786 0.219581
0.555322 0.222783
0.556858 0.225926
0.558394 0.229006
0.55993 0.23202
0.561466 0.234964
0.563002 0.237833
0.564539 0.240623
0.566075 0.243328
0.567611 0.245945
0.569147 0.248467
0.570683 0.25089
0.572219 0.253208
0.573756 0.255416
0.575292 0.257509
0.576828 0.259482
0.578364 0.261329
0.5799 0.263046
0.581436 0.264628
0.582973 0.266071
0.584509 0.267371
0.586045 0.268524
0.587581 0.269527
0.589117 0.270376
0.590653 0.27107
0.59219 0.271605
0.593726 0.271981
0.595262 0.272196
0.596798 0.27225
0.598334 0.272141
0.59987 0.271871
0.601406 0.27144
0.602943 0.270848
0.604479 0.270099
0.606015 0.269194
0.607551 0.268135
0.609087 0.266927
0.610623 0.265572
0.61216 0.264075
0.613696 0.26244
0.615232 0.260673
0.616768 0.258778
0.618304 0.25676
0.61984 0.254627
0.621377 0.252384
0.622913 0.250037
0.624449 0.247592
0.625985 0.245057
0.627521 0.242436
0.629057 0.239737
0.630594 0.236965
0.63213 0.234126
0.633666 0.231225
0.635202 0.228269
0.636738 0.225262
0.638274 0.222208
0.63981 0.219111
0.641347 0.215976
0.642883 0.212805
0.644419 0.209602
0.645955 0.206369
0.647491 0.203107
0.649027 0.19982
0.650564 0.196508
0.6521 0.193174
0.653636 0.189818
0.655172 0.186441
0.656708 0.183045
0.658244 0.179631
0.659781 0.176201
0.661317 0.172755
0.662853 0.169296
0.664389 0.165825
0.665925 0.162344
0.667461 0.158857
0.668998 0.155365
0.670534 0.151871
0.67207 0.14838
0.673606 0.144893
0.675142 0.141415
0.676678 0.13795
0.678214 0.1345
0.679751 0.131071
0.681287 0.127666
0.682823 0.124288
0.684359 0.120941
0.685895 0.11763
0.687431 0.114356
0.688968 0.111123
0.690504 0.107933
0.69204 0.10479
0.693576 0.101694
0.695112 0.0986481
0.696648 0.0956528
0.698185 0.0927094
0.699721 0.0898186
0.701257 0.0869808
0.702793 0.0841963
0.704329 0.0814652
0.705865 0.0787872
0.707401 0.0761622
0.708938 0.0735901
0.710474 0.0710705
0.71201 0.0686034
0.713546 0.0661886
0.715082 0.0638263
0.716618 0.0615166
0.718155 0.05926
0.719691 0.0570571
0.721227 0.0549089
0.722763 0.0528162
0.724299 0.0507806
0.725835 0.0488033
0.727372 0.0468862
0.728908 0.045031
0.730444 0.0432397
0.73198 0.0415143
0.733516 0.0398568
0.735052 0.0382695
0.736589 0.0367543
0.738125 0.0353134
0.739661 0.0339485
0.741197 0.0326616
0.742733 0.0314541
0.744269 0.0303276
0.745805 0.0292832
0.747342 0.0283218
0.748878 0.0274444
0.750414 0.0266513
0.75195 0.0259429
0.753486 0.0253192
0.755022 0.0247801
0.756559 0.0243252
0.758095 0.0239543
0.759631 0.0236666
0.761167 0.0234615
0.762703 0.0233385
0.764239 0.023297
0.765776 0.0233363
0.767312 0.0234561
0.768848 0.0236562
0.770384 0.0239364
0.77192 0.024297
0.773456 0.0247385
0.774993 0.0252616
0.776529 0.0258674
0.778065 0.0265574
0.779601 0.0273333
0.781137 0.0281972
0.782673 0.0291513
0.784209 0.0301981
0.785746 0.0313406
0.787282 0.0325815
0.788818 0.0339238
0.790354 0.0353705
0.79189 0.0369245
0.793426 0.0385884
0.794963 0.0403646
0.796499 0.0422554
0.798035 0.0442623
0.799571 0.0463866
0.801107 0.0486289
0.802643 0.0509891
0.80418 0.0534667
0.805716 0.0560603
0.807252 0.0587678
0.808788 0.0615864
0.810324 0.0645129
0.81186 0.067543
0.813397 0.0706723
0.814933 0.0738956
0.816469 0.0772075
0.818005 0.0806021
0.819541 0.0840736
0.821077 0.087616
0.822613 0.0912232
0.82415 0.0948896
0.825686 0.0986098
0.827222 0.102379
0.828758 0.106192
0.830294 0.110046
0.83183 0.113937
0.833367 0.117863
0.834903 0.121823
0.836439 0.125815
0.837975 0.129839
0.839511 0.133897
0.841047 0.137989
0.842584 0.142117
0.84412 0.146284
0.845656 0.150492
0.847192 0.154745
0.848728 0.159045
0.850264 0.163395
0.851801 0.167799
0.853337 0.17226
0.854873 0.176779
0.856409 0.181358
0.857945 0.185999
0.859481 0.190702
0.861017 0.195467
0.862554 0.200292
0.86409 0.205176
0.865626 0.210115
0.867162 0.215107
0.868698 0.220147
0.870234 0.225229
0.871771 0.230348
0.873307 0.235498
0.874843 0.240672
0.876379 0.245861
0.877915 0.25106
0.879451 0.256258
0.880988 0.26145
0.882524 0.266626
0.88406 0.27178
0.885596 0.276902
0.887132 0.281986
0.888668 0.287024
0.890204 0.29201
0.891741 0.296937
0.893277 0.3018
0.894813 0.306593
0.896349 0.311311
0.897885 0.315951
0.899421 0.320509
0.900958 0.324981
0.902494 0.329365
0.90403 0.333659
0.905566 0.337862
0.907102 0.341971
0.908638 0.345988
0.910175 0.34991
0.911711 0.353738
0.913247 0.357472
0.914783 0.361112
0.916319 0.364658
0.917855 0.368111
0.919392 0.371471
0.920928 0.374738
0.922464 0.377911
0.924 0.380991
0.925536 0.383976
0.927072 0.386866
0.928608 0.389659
0.930145 0.392354
0.931681 0.394949
0.933217 0.397441
0.934753 0.399827
0.936289 0.402106
0.937825 0.404273
0.939362 0.406325
0.940898 0.40826
0.942434 0.410074
0.94397 0.411764
0.945506 0.413328
0.947042 0.414764
0.948579 0.41607
0.950115 0.417244
0.951651 0.418288
0.953187 0.419201
0.954723 0.419984
0.956259 0.42064
0.957796 0.421172
0.959332 0.421583
0.960868 0.421878
0.962404 0.422062
0.96394 0.42214
0.965476 0.42212
0.967012 0.422007
0.968549 0.421808
0.970085 0.421529
0.971621 0.421177
0.973157 0.420757
0.974693 0.420275
0.976229 0.419735
0.977766 0.419142
0.979302 0.418498
0.980838 0.417804
0.982374 0.417062
0.98391 0.416272
0.985446 0.415432
0.986983 0.41454
0.988519 0.413592
0.990055 0.412586
0.991591 0.411515
0.993127 0.410375
0.994663 0.409162
0.9962 0.407868
0.997736 0.406489
0.999272 0.40502
1.00081 0.403456
1.00234 0.401793
1.00388 0.400027
1.00542 0.398157
1.00695 0.396179
1.00849 0.394094
1.01002 0.391902
1.01156 0.389605
1.0131 0.387204
1.01463 0.384703
1.01617 0.382107
1.01771 0.379419
1.01924 0.376645
1.02078 0.373791
1.02231 0.370864
1.02385 0.367869
1.02539 0.364813
1.02692 0.361702
1.02846 0.358543
1.03 0.355342
1.03153 0.352104
1.03307 0.348835
1.0346 0.345539
1.03614 0.342221
1.03768 0.338886
1.03921 0.335537
1.04075 0.332177
1.04228 0.32881
1.04382 0.325439
1.04536 0.322066
1.04689 0.318694
1.04843 0.315325
1.04997 0.311963
1.0515 0.308609
1.05304 0.305268
1.05457 0.301941
1.05611 0.298632
1.05765 0.295344
1.05918 0.29208
1.06072 0.288845
1.06225 0.285642
1.06379 0.282476
1.06533 0.279349
1.06686 0.276267
1.0684 0.273235
1.06994 0.270255
1.07147 0.267333
1.07301 0.264472
1.07454 0.261678
1.07608 0.258954
1.07762 0.256304
1.07915 0.253733
1.08069 0.251244
1.08222 0.248841
1.08376 0.246527
1.0853 0.244306
1.08683 0.242181
1.08837 0.240155
1.08991 0.238231
1.09144 0.23641
1.09298 0.234696
1.09451 0.233091
1.09605 0.231596
1.09759 0.230214
1.09912 0.228944
1.10066 0.227789
1.10219 0.226749
1.10373 0.225824
1.10527 0.225015
1.1068 0.224323
1.10834 0.223746
1.10988 0.223285
1.11141 0.222939
1.11295 0.222707
1.11448 0.222591
1.11602 0.222588
1.11756 0.222698
1.11909 0.222921
1.12063 0.223258
1.12216 0.223706
1.1237 0.224268
1.12524 0.224942
1.12677 0.225729
1.12831 0.226629
1.12985 0.227643
1.13138 0.228771
1.13292 0.230013
1.13445 0.23137
1.13599 0.23284
1.13753 0.234425
1.13906 0.236123
1.1406 0.237933
1.14213 0.239852
1.14367 0.241879
1.14521 0.244011
1.14674 0.246242
1.14828 0.248569
1.14982 0.250986
1.15135 0.253487
1.15289 0.256065
1.15442 0.258711
1.15596 0.261419
1.1575 0.264179
1.15903 0.266982
1.16057 0.269819
1.1621 0.27268
1.16364 0.275555
1.16518 0.278436
1.16671 0.281314
1.16825 0.284179
1.16979 0.287023
1.17132 0.28984
1.17286 0.292623
1.17439 0.295364
1.17593 0.298061
1.17747 0.300707
1.179 0.303301
1.18054 0.305839
1.18207 0.308319
1.18361 0.310742
1.18515 0.313105
1.18668 0.31541
1.18822 0.317658
1.18976 0.319848
1.19129 0.321983
1.19283 0.324065
1.19436 0.326093
1.1959 0.328071
1.19744 0.329998
1.19897 0.331878
1.20051 0.333709
1.20204 0.335494
1.20358 0.337232
1.20512 0.338923
1.20665 0.340568
1.20819 0.342166
1.20973 0.343716
1.21126 0.345218
1.2128 0.346671
1.21433 0.348074
1.21587 0.349426
1.21741 0.350727
1.21894 0.351976
1.22048 0.353173
1.22201 0.354318
1.22355 0.35541
1.22509 0.356452
1.22662 0.357442
1.22816 0.358384
1.2297 0.359278
1.23123 0.360127
1.23277 0.360932
1.2343 0.361696
1.23584 0.362421
1.23738 0.363111
1.23891 0.363769
1.24045 0.364397
1.24199 0.364998
1.24352 0.365576
1.24506 0.366133
1.24659 0.366673
1.24813 0.367197
1.24967 0.367709
1.2512 0.36821
1.25274 0.368703
1.25427 0.36919
1.25581 0.369671
1.25735 0.370149
1.25888 0.370625
1.26042 0.371098
1.26196 0.37157
1.26349 0.37204
1.26503 0.372508
1.26656 0.372974
1.2681 0.373437
1.26964 0.373894
1.27117 0.374346
1.27271 0.374788
1.27424 0.375219
1.27578 0.375636
1.27732 0.376035
1.27885 0.376411
1.28039 0.376761
1.28193 0.377078
1.28346 0.377359
1.285 0.377595
1.28653 0.377782
1.28807 0.377912
1.28961 0.377978
1.29114 0.377973
1.29268 0.37789
1.29421 0.377721
1.29575 0.377459
1.29729 0.377098
1.29882 0.376631
1.30036 0.376051
1.3019 0.375353
1.30343 0.374533
1.30497 0.373587
1.3065 0.372511
1.30804 0.371304
1.30958 0.369965
1.31111 0.368493
1.31265 0.366889
1.31418 0.365157
1.31572 0.363297
1.31726 0.361316
1.31879 0.359216
1.32033 0.357004
1.32187 0.354685
1.3234 0.352266
1.32494 0.349753
1.32647 0.347153
1.32801 0.344473
1.32955 0.341719
1.33108 0.338897
1.33262 0.336015
1.33415 0.333076
1.33569 0.330086
1.33723 0.32705
1.33876 0.323972
1.3403 0.320855
1.34184 0.317701
1.34337 0.314513
1.34491 0.311294
1.34644 0.308044
1.34798 0.304766
1.34952 0.30146
1.35105 0.298129
1.35259 0.294773
1.35412 0.291396
1.35566 0.287999
1.3572 0.284585
1.35873 0.281158
1.36027 0.277721
1.36181 0.27428
1.36334 0.27084
1.36488 0.267406
1.36641 0.263987
1.36795 0.260589
1.36949 0.257219
1.37102 0.253887
1.37256 0.250601
1.37409 0.247369
1.37563 0.244202
1.37717 0.241107
1.3787 0.238093
1.38024 0.235169
1.38178 0.232344
1.38331 0.229623
1.38485 0.227015
1.38638 0.224526
1.38792 0.222162
1.38946 0.219927
1.39099 0.217826
1.39253 0.215862
1.39406 0.214039
1.3956 0.212359
1.39714 0.210823
1.39867 0.209434
1.40021 0.208193
1.40175 0.2071
1.40328 0.206156
1.40482 0.205362
1.40635 0.20472
1.40789 0.204229
1.40943 0.203893
1.41096 0.20371
1.4125 0.203685
1.41403 0.203818
1.41557 0.204111
1.41711 0.204566
1.41864 0.205186
1.42018 0.205973
1.42172 0.206928
1.42325 0.208053
1.42479 0.209348
1.42632 0.210814
1.42786 0.21245
1.4294 0.214254
1.43093 0.216223
1.43247 0.218352
1.434 0.220637
1.43554 0.22307
1.43708 0.225642
1.43861 0.228344
1.44015 0.231165
1.44169 0.234092
1.44322 0.237111
1.44476 0.240208
1.44629 0.243367
1.44783 0.246573
1.44937 0.24981
1.4509 0.25306
1.45244 0.25631
1.45398 0.259543
1.45551 0.262745
1.45705 0.265903
1.45858 0.269004
1.46012 0.272038
1.46166 0.274995
1.46319 0.277868
1.46473 0.280651
1.46626 0.283341
1.4678 0.285933
1.46934 0.288428
1.47087 0.290825
1.47241 0.293127
1.47395 0.295336
1.47548 0.297455
1.47702 0.299489
1.47855 0.301442
1.48009 0.303319
1.48163 0.305124
1.48316 0.306863
1.4847 0.308538
1.48623 0.310153
1.48777 0.311711
1.48931 0.313214
1.49084 0.314663
1.49238 0.316058
1.49392 0.317399
1.49545 0.318685
1.49699 0.319913
1.49852 0.321082
1.50006 0.322189
1.5016 0.323229
1.50313 0.324201
1.50467 0.325099
1.5062 0.32592
1.50774 0.326661
1.50928 0.327319
1.51081 0.327891
1.51235 0.328373
1.51389 0.328764
1.51542 0.329063
1.51696 0.329267
1.51849 0.329377
1.52003 0.329393
1.52157 0.329315
1.5231 0.329145
1.52464 0.328883
1.52617 0.328533
1.52771 0.328098
1.52925 0.32758
1.53078 0.326984
1.53232 0.326314
1.53386 0.325576
1.53539 0.324773
1.53693 0.323912
1.53846 0.322999
1.54 0.32204
1.54154 0.321042
1.54307 0.320011
1.54461 0.318954
1.54614 0.317878
1.54768 0.31679
1.54922 0.315697
1.55075 0.314606
1.55229 0.313522
1.55383 0.312453
1.55536 0.311403
1.5569 0.310378
1.55843 0.309384
1.55997 0.308424
1.56151 0.307502
1.56304 0.306622
1.56458 0.305786
1.56611 0.304998
1.56765 0.304257
1.56919 0.303566
1.57072 0.302925
1.57226 0.302334
1.5738 0.301793
1.57533 0.301301
1.57687 0.300855
1.5784 0.300456
1.57994 0.300099
1.58148 0.299784
1.58301 0.299506
1.58455 0.299263
1.58608 0.299051
1.58762 0.298867
1.58916 0.298706
1.59069 0.298565
1.59223 0.298438
1.59377 0.298323
1.5953 0.298215
1.59684 0.298109
1.59837 0.298002
1.59991 0.297891
1.60145 0.297772
1.60298 0.297643
1.60452 0.297502
1.60605 0.297347
1.60759 0.297177
1.60913 0.296991
1.61066 0.296791
1.6122 0.296578
1.61374 0.296351
1.61527 0.296114
1.61681 0.295869
1.61834 0.295617
1.61988 0.295361
1.62142 0.295102
1.62295 0.294843
1.62449 0.294584
1.62602 0.294325
1.62756 0.294066
1.6291 0.293805
1.63063 0.293538
1.63217 0.293262
1.63371 0.292972
1.63524 0.29266
1.63678 0.29232
1.63831 0.291941
1.63985 0.291516
1.64139 0.291032
1.64292 0.290481
1.64446 0.28985
1.646 0.28913
1.64753 0.288309
1.64907 0.287379
1.6506 0.28633
1.65214 0.285155
1.65368 0.283847
1.65521 0.282401
1.65675 0.280814
1.65828 0.279082
1.65982 0.277207
1.66136 0.275188
1.66289 0.273028
1.66443 0.270731
1.66597 0.2683
1.6675 0.265742
1.66904 0.263061
1.67057 0.260266
1.67211 0.257361
1.67365 0.254355
1.67518 0.251252
1.67672 0.24806
1.67825 0.244784
1.67979 0.24143
1.68133 0.238001
1.68286 0.234504
1.6844 0.23094
1.68594 0.227314
1.68747 0.223628
1.68901 0.219886
1.69054 0.21609
1.69208 0.212243
1.69362 0.208348
1.69515 0.204407
1.69669 0.200424
1.69822 0.196403
1.69976 0.192348
1.7013 0.188263
1.70283 0.184153
1.70437 0.180024
1.70591 0.175881
1.70744 0.171729
1.70898 0.167576
1.71051 0.163425
1.71205 0.159284
1.71359 0.155157
1.71512 0.151051
1.71666 0.14697
1.71819 0.142918
1.71973 0.138901
1.72127 0.134921
1.7228 0.130981
1.72434 0.127086
1.72588 0.123236
1.72741 0.119435
1.72895 0.115684
1.73048 0.111984
1.73202 0.108337
1.73356 0.104745
1.73509 0.101208
1.73663 0.0977283
1.73816 0.0943072
1.7397 0.0909461
1.74124 0.0876464
1.74277 0.0844099
1.74431 0.0812381
1.74585 0.0781327
1.74738 0.0750952
1.74892 0.0721273
1.75045 0.0692302
1.75199 0.0664052
1.75353 0.0636533
1.75506 0.060975
1.7566 0.0583708
1.75813 0.0558408
1.75967 0.0533848
1.76121 0.0510023
1.76274 0.0486926
1.76428 0.0464547
1.76582 0.0442874
1.76735 0.0421896
1.76889 0.0401598
1.77042 0.0381967
1.77196 0.0362992
1.7735 0.0344659
1.77503 0.0326959
1.77657 0.0309883
1.7781 0.0293423
1.77964 0.0277575
1.78118 0.0262336
1.78271 0.0247704
1.78425 0.0233678
1.78579 0.0220259
1.78732 0.0207449
1.78886 0.0195249
1.79039 0.0183659
1.79193 0.0172679
1.79347 0.016231
1.795 0.0152547
1.79654 0.0143387
1.79807 0.0134824
1.79961 0.012685
1.80115 0.0119456
1.80268 0.0112631
1.80422 0.0106363
1.80576 0.010064
1.80729 0.0095449
1.80883 0.00907766
1.81036 0.00866104
1.8119 0.00829389
1.81344 0.00797513
1.81497 0.00770381
1.81651 0.00747913
1.81804 0.00730042
1.81958 0.00716713
1.82112 0.00707885
1.82265 0.00703522
1.82419 0.00703597
1.82573 0.00708085
1.82726 0.00716957
1.8288 0.00730185
1.83033 0.0074773
1.83187 0.00769546
1.83341 0.00795578
1.83494 0.00825761
1.83648 0.0086002
1.83801 0.00898277
1.83955 0.00940448
1.84109 0.00986453
1.84262 0.0103622
1.84416 0.0108968
1.8457 0.0114681
1.84723 0.0120758
1.84877 0.01272
1.8503 0.0134013
1.85184 0.0141205
1.85338 0.0148791
1.85491 0.0156786
1.85645 0.0165213
1.85799 0.0174098
1.85952 0.0183471
1.86106 0.0193364
1.86259 0.0203813
1.86413 0.0214855
1.86567 0.0226529
1.8672 0.0238873
1.86874 0.0251924
1.87027 0.0265718
1.87181 0.0280287
1.87335 0.0295661
1.87488 0.0311863
1.87642 0.0328913
1.87796 0.0346823
1.87949 0.03656
1.88103 0.0385245
1.88256 0.0405749
1.8841 0.0427101
1.88564 0.0449279
1.88717 0.0472259
1.88871 0.0496009
1.89024 0.0520494
1.89178 0.0545675
1.89332 0.057151
1.89485 0.0597958
1.89639 0.0624977
1.89793 0.0652526
1.89946 0.068057
1.901 0.0709076
1.90253 0.0738019
1.90407 0.076738
1.90561 0.0797151
1.90714 0.0827329
1.90868 0.0857925
1.91021 0.0888956
1.91175 0.0920449
1.91329 0.0952441
1.91482 0.0984973
1.91636 0.101809
1.9179 0.105185
1.91943 0.10863
1.92097 0.112149
1.9225 0.115745
1.92404 0.119424
1.92558 0.123186
1.92711 0.127033
1.92865 0.130964
1.93018 0.134977
1.93172 0.139068
1.93326 0.14323
1.93479 0.147457
1.93633 0.151737
1.93787 0.15606
1.9394 0.160415
1.94094 0.164786
1.94247 0.169163
1.94401 0.17353
1.94555 0.177874
1.94708 0.182185
1.94862 0.186451
1.95015 0.190663
1.95169 0.194814
1.95323 0.198899
1.95476 0.202916
1.9563 0.206864
1.95784 0.210745
1.95937 0.214561
1.96091 0.218317
1.96244 0.22202
1.96398 0.225674
1.96552 0.229285
1.96705 0.232859
1.96859 0.2364
1.97012 0.239909
1.97166 0.243387
1.9732 0.246832
1.97473 0.250239
1.97627 0.2536
1.97781 0.256906
1.97934 0.260144
1.98088 0.263301
1.98241 0.266362
1.98395 0.269311
1.98549 0.272131
1.98702 0.274806
1.98856 0.277323
1.99009 0.279667
1.99163 0.281829
1.99317 0.2838
1.9947 0.285575
1.99624 0.287151
1.99778 0.288529
1.99931 0.289713
2.00085 0.290709
2.00238 0.291525
2.00392 0.292171
2.00546 0.292658
2.00699 0.292997
2.00853 0.2932
2.01006 0.293277
2.0116 0.293236
2.01314 0.293085
2.01467 0.292828
2.01621 0.292468
2.01775 0.292004
2.01928 0.291435
2.02082 0.290754
2.02235 0.289955
2.02389 0.289028
2.02543 0.287964
2.02696 0.286752
2.0285 0.28538
2.03003 0.283838
2.03157 0.282115
2.03311 0.280203
2.03464 0.278095
2.03618 0.275784
2.03772 0.273267
2.03925 0.270543
2.04079 0.267611
2.04232 0.264475
2.04386 0.261138
2.0454 0.257606
2.04693 0.253887
2.04847 0.249989
2.05 0.245922
2.05154 0.241695
2.05308 0.237319
2.05461 0.232806
2.05615 0.228167
2.05769 0.223413
2.05922 0.218556
2.06076 0.213608
2.06229 0.208582
2.06383 0.203489
2.06537 0.198343
2.0669 0.193156
2.06844 0.187942
2.06998 0.182712
2.07151 0.177481
2.07305 0.172261
2.07458 0.167064
2.07612 0.161904
2.07766 0.156791
2.07919 0.151736
2.08073 0.146749
2.08226 0.141838
2.0838 0.137011
2.08534 0.132274
2.08687 0.127631
2.08841 0.123087
2.08995 0.118645
2.09148 0.114306
2.09302 0.110071
2.09455 0.105941
2.09609 0.101917
2.09763 0.0979996
2.09916 0.0941894
2.1007 0.0904876
2.10223 0.0868962
2.10377 0.0834172
2.10531 0.0800537
2.10684 0.0768088
2.10838 0.0736862
2.10992 0.0706895
2.11145 0.0678222
2.11299 0.0650876
2.11452 0.0624881
2.11606 0.0600252
2.1176 0.0576996
2.11913 0.0555104
2.12067 0.0534554
2.1222 0.0515312
2.12374 0.0497328
2.12528 0.0480543
2.12681 0.0464885
2.12835 0.0450276
2.12989 0.0436635
2.13142 0.0423878
2.13296 0.0411925
2.13449 0.0400703
2.13603 0.0390147
2.13757 0.0380204
2.1391 0.0370836
2.14064 0.0362018
2.14217 0.0353743
2.14371 0.0346018
2.14525 0.0338866
2.14678 0.0332322
2.14832 0.0326431
2.14986 0.0321246
2.15139 0.0316827
2.15293 0.0313234
2.15446 0.0310529
2.156 0.0308767
2.15754 0.0308001
2.15907 0.0308275
2.16061 0.0309628
2.16214 0.0312086
2.16368 0.0315668
2.16522 0.0320385
2.16675 0.0326239
2.16829 0.0333227
2.16983 0.0341339
2.17136 0.0350564
2.1729 0.0360886
2.17443 0.0372291
2.17597 0.0384762
2.17751 0.0398287
2.17904 0.0412854
2.18058 0.0428455
2.18211 0.0445083
2.18365 0.0462735
2.18519 0.0481406
2.18672 0.0501096
2.18826 0.0521802
2.1898 0.054352
2.19133 0.0566245
2.19287 0.0589967
2.1944 0.0614671
2.19594 0.0640338
2.19748 0.0666943
2.19901 0.0694453
2.20055 0.0722834
2.20208 0.0752041
2.20362 0.078203
2.20516 0.0812751
2.20669 0.0844154
2.20823 0.087619
2.20977 0.0908812
2.2113 0.0941979
2.21284 0.0975656
2.21437 0.100982
2.21591 0.104445
2.21745 0.107954
2.21898 0.11151
2.22052 0.115115
2.22205 0.118771
2.22359 0.122481
2.22513 0.12625
2.22666 0.13008
2.2282 0.133975
2.22974 0.137937
2.23127 0.141967
2.23281 0.146063
2.23434 0.150222
2.23588 0.154437
2.23742 0.1587
2.23895 0.162998
2.24049 0.167315
2.24202 0.171635
2.24356 0.175936
2.2451 0.180197
2.24663 0.184396
2.24817 0.188509
2.24971 0.192515
2.25124 0.196395
2.25278 0.200131
2.25431 0.20371
2.25585 0.207124
2.25739 0.210368
2.25892 0.213445
2.26046 0.21636
2.262 0.219125
2.26353 0.221755
2.26507 0.22427
2.2666 0.22669
2.26814 0.229039
2.26968 0.231338
2.27121 0.233608
2.27275 0.235867
2.27428 0.238127
2.27582 0.240399
2.27736 0.242685
2.27889 0.244981
2.28043 0.24728
2.28197 0.249568
2.2835 0.251825
2.28504 0.254029
2.28657 0.256155
2.28811 0.258176
2.28965 0.260068
2.29118 0.261806
2.29272 0.263369
2.29425 0.264742
2.29579 0.265911
2.29733 0.266872
2.29886 0.267624
2.3004 0.268172
2.30194 0.268526
2.30347 0.2687
2.30501 0.268712
2.30654 0.26858
2.30808 0.268325
2.30962 0.267967
2.31115 0.267523
2.31269 0.267012
2.31422 0.266445
2.31576 0.265835
2.3173 0.265189
2.31883 0.26451
2.32037 0.263803
2.32191 0.263067
2.32344 0.262301
2.32498 0.261503
2.32651 0.26067
2.32805 0.259801
2.32959 0.258893
2.33112 0.257946
2.33266 0.256956
2.33419 0.255925
2.33573 0.254848
2.33727 0.253725
2.3388 0.252551
2.34034 0.251322
2.34188 0.250029
2.34341 0.248665
2.34495 0.247218
2.34648 0.245678
2.34802 0.244033
2.34956 0.242271
2.35109 0.240384
2.35263 0.238362
2.35416 0.236202
2.3557 0.233904
2.35724 0.231472
2.35877 0.228915
2.36031 0.226247
2.36185 0.223487
2.36338 0.220655
2.36492 0.217775
2.36645 0.214871
2.36799 0.211967
2.36953 0.209086
2.37106 0.206244
2.3726 0.203456
2.37413 0.200731
2.37567 0.198069
2.37721 0.19547
2.37874 0.192923
2.38028 0.190417
2.38182 0.187936
2.38335 0.185463
2.38489 0.182982
2.38642 0.180479
2.38796 0.177945
2.3895 0.175374
2.39103 0.172768
2.39257 0.170135
2.3941 0.167493
2.39564 0.164863
2.39718 0.162273
2.39871 0.159756
2.40025 0.157347
2.40179 0.155083
2.40332 0.152998
2.40486 0.151124
2.40639 0.149488
2.40793 0.148108
2.40947 0.147
2.411 0.146165
2.41254 0.145602
2.41407 0.145299
2.41561 0.145236
2.41715 0.145392
2.41868 0.145738
2.42022 0.146244
2.42176 0.146882
2.42329 0.147622
2.42483 0.148441
2.42636 0.149319
2.4279 0.150241
2.42944 0.1512
2.43097 0.152194
2.43251 0.153229
2.43404 0.154315
2.43558 0.155465
2.43712 0.156698
2.43865 0.158031
2.44019 0.159482
2.44173 0.161066
2.44326 0.162795
2.4448 0.164675
2.44633 0.16671
2.44787 0.168893
2.44941 0.171215
2.45094 0.173662
2.45248 0.176213
2.45401 0.178848
2.45555 0.181543
2.45709 0.184276
2.45862 0.187028
2.46016 0.189783
2.4617 0.192529
2.46323 0.195264
2.46477 0.197988
2.4663 0.20071
2.46784 0.203444
2.46938 0.206207
2.47091 0.209021
2.47245 0.211907
2.47399 0.214887
2.47552 0.217976
2.47706 0.221187
2.47859 0.224525
2.48013 0.227986
2.48167 0.231558
2.4832 0.23522
2.48474 0.238945
2.48627 0.242694
2.48781 0.246428
2.48935 0.2501
2.49088 0.253667
2.49242 0.257081
2.49396 0.260304
2.49549 0.263299
2.49703 0.266038
2.49856 0.268502
2.5001 0.27068
2.50164 0.272571
2.50317 0.27418
2.50471 0.275524
2.50624 0.276624
2.50778 0.277504
2.50932 0.278194
2.51085 0.278723
2.51239 0.279121
2.51393 0.279414
2.51546 0.279625
2.517 0.279773
2.51853 0.279871
2.52007 0.279929
2.52161 0.279949
2.52314 0.279929
2.52468 0.279865
2.52621 0.279748
2.52775 0.279565
2.52929 0.279305
2.53082 0.278953
2.53236 0.278497
2.5339 0.277925
2.53543 0.277225
2.53697 0.276387
2.5385 0.275406
2.54004 0.274275
2.54158 0.27299
2.54311 0.271549
2.54465 0.26995
2.54618 0.268194
2.54772 0.266281
2.54926 0.264211
2.55079 0.261984
2.55233 0.2596
2.55387 0.257061
2.5554 0.254367
2.55694 0.251517
2.55847 0.248515
2.56001 0.245361
2.56155 0.242059
2.56308 0.238615
2.56462 0.235035
2.56615 0.231328
2.56769 0.227503
2.56923 0.223573
2.57076 0.21955
2.5723 0.215447
2.57384 0.211276
2.57537 0.207048
2.57691 0.202773
2.57844 0.19846
2.57998 0.194114
2.58152 0.189737
2.58305 0.185331
2.58459 0.180896
2.58612 0.176428
2.58766 0.171926
2.5892 0.16739
2.59073 0.16282
2.59227 0.158221
2.59381 0.1536
2.59534 0.14897
2.59688 0.144347
2.59841 0.139752
2.59995 0.135208
2.60149 0.130742
2.60302 0.12638
2.60456 0.122148
2.60609 0.118068
2.60763 0.114158
2.60917 0.110429
2.6107 0.106886
2.61224 0.103524
2.61378 0.100331
2.61531 0.0972867
2.61685 0.0943644
2.61838 0.0915327
2.61992 0.0887574
2.62146 0.0860039
2.62299 0.0832399
2.62453 0.0804378
2.62606 0.0775765
2.6276 0.0746432
2.62914 0.0716342
2.63067 0.0685552
2.63221 0.065421
2.63375 0.0622541
2.63528 0.0590828
2.63682 0.0559394
2.63835 0.0528577
2.63989 0.0498701
2.64143 0.0470061
2.64296 0.0442896
2.6445 0.041738
2.64603 0.0393613
2.64757 0.0371616
2.64911 0.0351341
2.65064 0.0332678
2.65218 0.0315469
2.65372 0.0299525
2.65525 0.0284646
2.65679 0.0270634
2.65832 0.0257309
2.65986 0.0244521
2.6614 0.0232157
2.66293 0.0220142
2.66447 0.0208439
2.66601 0.0197046
2.66754 0.0185983
2.66908 0.017529
2.67061 0.0165012
2.67215 0.0155194
2.67369 0.0145872
2.67522 0.013707
2.67676 0.0128796
2.67829 0.012104
2.67983 0.0113778
2.68137 0.0106974
2.6829 0.0100585
2.68444 0.00945646
2.68598 0.00888651
2.68751 0.00834444
2.68905 0.00782669
2.69058 0.00733045
2.69212 0.00685374
2.69366 0.00639531
2.69519 0.00595453
2.69673 0.00553119
2.69826 0.00512533
2.6998 0.00473706
2.70134 0.00436647
2.70287 0.00401348
2.70441 0.00367792
2.70595 0.00335945
2.70748 0.0030577
2.70902 0.0027723
2.71055 0.00250294
2.71209 0.00224945
2.71363 0.00201184
2.71516 0.00179024
2.7167 0.00158488
2.71823 0.00139605
2.71977 0.00122396
2.72131 0.00106865
2.72284 0.000929969
2.72438 0.00080745
2.72592 0.000700337
2.72745 0.000607586
2.72899 0.000527911
2.73052 0.00045987
2.73206 0.000401949
2.7336 0.000352656
2.73513 0.000310601
2.73667 0.000274553
2.7382 0.000243473
2.73974 0.000216518
2.74128 0.000193015
2.74281 0.00017243
2.74435 0.000154326
2.74589 0.00013832
2.74742 0.00012406
2.74896 0.00011121
2.75049 9.94563e-05
2.75203 8.85221e-05
2.75357 7.81887e-05
2.7551 6.83158e-05
2.75664 5.88526e-05
2.75817 4.98364e-05
2.75971 4.1377e-05
2.76125 3.36284e-05
2.76278 2.67538e-05
2.76432 2.08899e-05
2.76586 1.61171e-05
2.76739 1.24411e-05
2.76893 9.78954e-06
2.77046 8.02196e-06
2.772 6.95178e-06
2.77354 6.37414e-06
2.77507 6.09418e-06
2.77661 5.95012e-06
2.77814 5.82744e-06
2.77968 5.66261e-06
2.78122 5.43717e-06
2.78275 5.16493e-06
2.78429 4.87628e-06
2.78583 4.60336e-06
2.78736 4.36931e-06
2.7889 4.18301e-06
2.79043 4.03949e-06
2.79197 3.92438e-06
2.79351 3.8203e-06
2.79504 3.71286e-06
2.79658 3.59457e-06
2.79811 3.46573e-06
2.79965 3.33271e-06
2.80119 3.20446e-06
2.80272 3.08885e-06
2.80426 2.98984e-06
2.8058 2.90652e-06
2.80733 2.83402e-06
2.80887 2.76558e-06
2.8104 2.69521e-06
2.81194 2.61962e-06
2.81348 2.5391e-06
2.81501 2.45693e-06
2.81655 2.37783e-06
2.81808 2.30601e-06
2.81962 2.24357e-06
2.82116 2.18987e-06
2.82269 2.14191e-06
2.82423 2.09562e-06
2.82577 2.04741e-06
2.8273 1.99544e-06
2.82884 1.94022e-06
2.83037 1.88414e-06
2.83191 1.83049e-06
2.83345 1.78202e-06
2.83498 1.73997e-06
2.83652 1.70356e-06
2.83805 1.67045e-06
2.83959 1.63766e-06
2.84113 1.60277e-06
2.84266 1.56482e-06
2.8442 1.5246e-06
2.84574 1.48424e-06
2.84727 1.44626e-06
2.84881 1.41254e-06
2.85034 1.38356e-06
2.85188 1.35827e-06
2.85342 1.33453e-06
2.85495 1.31003e-06
2.85649 1.28323e-06
2.85802 1.25396e-06
2.85956 1.22341e-06
2.8611 1.1936e-06
2.86263 1.16645e-06
2.86417 1.14303e-06
2.86571 1.12304e-06
2.86724 1.10503e-06
2.86878 1.08704e-06
2.87031 1.06741e-06
2.87185 1.04553e-06
2.87339 1.02203e-06
2.87492 9.98484e-07
2.87646 9.7668e-07
2.878 9.57801e-07
2.87953 9.41915e-07
2.88107 9.27965e-07
2.8826 9.14259e-07
2.88414 8.99252e-07
2.88568 8.82239e-07
2.88721 8.63652e-07
2.88875 8.44833e-07
2.89028 8.27385e-07
2.89182 8.12406e-07
2.89336 7.99978e-07
2.89489 7.89145e-07
2.89643 7.78377e-07
2.89797 7.66315e-07
2.8995 7.52419e-07
2.90104 7.37213e-07
2.90257 7.22005e-07
2.90411 7.08225e-07
2.90565 6.96707e-07
2.90718 6.87278e-07
2.90872 6.78854e-07
2.91025 6.69997e-07
2.91179 6.59656e-07
2.91333 6.47694e-07
2.91486 6.34948e-07
2.9164 6.22775e-07
2.91794 6.12329e-07
2.91947 6.03944e-07
2.92101 5.96968e-07
2.92254 5.90113e-07
2.92408 5.82162e-07
2.92562 5.72629e-07
2.92715 5.62017e-07
2.92869 5.51531e-07
2.93022 5.42389e-07
2.93176 5.35139e-07
2.9333 5.29341e-07
2.93483 5.2383e-07
2.93637 5.17387e-07
2.93791 5.09451e-07
2.93944 5.00443e-07
2.94098 4.91507e-07
2.94251 4.83825e-07
2.94405 4.77895e-07
2.94559 4.73232e-07
2.94712 4.68663e-07
2.94866 4.63057e-07
2.95019 4.56028e-07
2.95173 4.48179e-07
2.95327 4.40712e-07
2.9548 4.34655e-07
2.95634 4.30191e-07
2.95788 4.26535e-07
2.95941 4.22451e-07
2.96095 4.17078e-07
2.96248 4.10507e-07
2.96402 4.03724e-07
2.96556 3.9793e-07
2.96709 3.93704e-07
2.96863 3.90592e-07
2.97016 3.87422e-07
2.9717 3.83143e-07
2.97324 3.77583e-07
2.97477 3.71585e-07
2.97631 3.66384e-07
2.97785 3.62683e-07
2.97938 3.60114e-07
2.98092 3.5751e-07
2.98245 3.538e-07
2.98399 3.48854e-07
2.98553 3.43589e-07
2.98706 3.39249e-07
2.9886 3.36392e-07
2.99013 3.34421e-07
2.99167 3.32066e-07
2.99321 3.28446e-07
2.99474 3.23827e-07
2.99628 3.19409e-07
2.99782 3.16286e-07
2.99935 3.14473e-07
3.00089 3.12868e-07
3.00242 3.10243e-07
3.00396 3.06374e-07
3.0055 3.02273e-07
3.00703 2.99251e-07
3.00857 2.97651e-07
3.0101 2.96496e-07
3.01164 2.94426e-07
3.01318 2.91064e-07
3.01471 2.87428e-07
3.01625 2.84905e-07
3.01779 2.83795e-07
3.01932 2.82955e-07
3.02086 2.81007e-07
3.02239 2.77866e-07
3.02393 2.74875e-07
3.02547 2.73307e-07
3.027 2.72873e-07
3.02854 2.72014e-07
3.03007 2.69746e-07
3.03161 2.66901e-07
3.03315 2.65149e-07
3.03468 2.64891e-07
3.03622 2.64681e-07
3.03776 2.63083e-07
3.03929 2.60628e-07
3.04083 2.59172e-07
3.04236 2.59321e-07
3.0439 2.59496e-07
3.04544 2.58169e-07
3.04697 2.56194e-07
3.04851 2.55613e-07
3.05004 2.56481e-07
3.05158 2.56668e-07
3.05312 2.55297e-07
3.05465 2.54334e-07
3.05619 2.55328e-07
3.05773 2.56596e-07
3.05926 2.56143e-07
3.0608 2.55466e-07
3.06233 2.56894e-07
3.06387 2.58965e-07
3.06541 2.59204e-07
3.06694 2.59409e-07
3.06848 2.62056e-07
3.07001 2.64728e-07
3.07155 2.6548e-07

