16 16 0 0.00457991
16 16 1 0.0047668
16 16 2 0.0044764
16 17 0 0.00457991
16 17 1 0.0047668
16 17 2 0.0044764
16 18 0 0.00457991
16 18 1 0.0047668
16 18 2 0.0044764
16 19 0 0.00457991
16 19 1 0.0047668
16 19 2 0.0044764
16 20 0 0.00457991
16 20 1 0.0047668
16 20 2 0.0044764
16 21 0 0.00457991
16 21 1 0.0047668
16 21 2 0.0044764
16 22 0 0.00457991
16 22 1 0.0047668
16 22 2 0.0044764
16 23 0 0.00457991
16 23 1 0.0047668
16 23 2 0.0044764
16 24 0 0.00457991
16 24 1 0.0047668
16 24 2 0.0044764
16 25 0 0.00457991
16 25 1 0.0047668
16 25 2 0.0044764
16 26 0 0.00457991
16 26 1 0.0047668
16 26 2 0.0044764
16 27 0 0.00457991
16 27 1 0.0047668
16 27 2 0.0044764
16 28 0 0.00457991
16 28 1 0.0047668
16 28 2 0.0044764
16 29 0 0.00457991
16 29 1 0.0047668
16 29 2 0.0044764
16 30 0 0.00457991
16 30 1 0.0047668
16 30 2 0.0044764
16 31 0 0.00457991
16 31 1 0.0047668
16 31 2 0.0044764
16 32 0 0.00457991
16 32 1 0.0047668
16 32 2 0.0044764
16 33 0 0.00457991
16 33 1 0.0047668
16 33 2 0.0044764
16 34 0 0.00457991
16 34 1 0.0047668
16 34 2 0.0044764
16 35 0 0.00457991
16 35 1 0.0047668
16 35 2 0.0044764
16 36 0 0.00457991
16 36 1 0.0047668
16 36 2 0.0044764
16 37 0 0.00457991
16 37 1 0.0047668
16 37 2 0.0044764
16 38 0 0.0045799
16 38 1 0.0047668
16 38 2 0.0044764
16 39 0 0.00457988
16 39 1 0.0047668
16 39 2 0.0044764
16 40 0 0.00457987
16 40 1 0.0047668
16 40 2 0.0044764
16 41 0 0.00457988
16 41 1 0.0047668
16 41 2 0.0044764
16 42 0 0.00457989
16 42 1 0.0047668
16 42 2 0.0044764
16 43 0 0.00457991
16 43 1 0.0047668
16 43 2 0.0044764
16 44 0 0.00457991
16 44 1 0.0047668
16 44 2 0.0044764
16 45 0 0.00457991
16 45 1 0.0047668
16 45 2 0.0044764
16 46 0 0.00457991
16 46 1 0.0047668
16 46 2 0.0044764
16 47 0 0.00457991
16 47 1 0.0047668
16 47 2 0.0044764
17 16 0 0.00457991
17 16 1 0.0047668
17 16 2 0.0044764
17 17 0 0.00457991
17 17 1 0.0047668
17 17 2 0.0044764
17 18 0 0.00457991
17 18 1 0.0047668
17 18 2 0.0044764
17 19 0 0.00457991
17 19 1 0.0047668
17 19 2 0.0044764
17 20 0 0.00457991
17 20 1 0.0047668
17 20 2 0.0044764
17 21 0 0.00457991
17 21 1 0.0047668
17 21 2 0.0044764
17 22 0 0.00457991
17 22 1 0.0047668
17 22 2 0.0044764
17 23 0 0.00457991
17 23 1 0.0047668
17 23 2 0.0044764
17 24 0 0.00457991
17 24 1 0.0047668
17 24 2 0.0044764
17 25 0 0.00457991
17 25 1 0.0047668
17 25 2 0.0044764
17 26 0 0.00457991
17 26 1 0.0047668
17 26 2 0.0044764
17 27 0 0.00457991
17 27 1 0.0047668
17 27 2 0.0044764
17 28 0 0.00457991
17 28 1 0.0047668
17 28 2 0.0044764
17 29 0 0.00457991
17 29 1 0.0047668
17 29 2 0.0044764
17 30 0 0.00457991
17 30 1 0.0047668
17 30 2 0.0044764
17 31 0 0.00457991
17 31 1 0.0047668
17 31 2 0.0044764
17 32 0 0.00457991
17 32 1 0.0047668
17 32 2 0.0044764
17 33 0 0.00457991
17 33 1 0.0047668
17 33 2 0.0044764
17 34 0 0.00457991
17 34 1 0.0047668
17 34 2 0.0044764
17 35 0 0.0045799
17 35 1 0.0047668
17 35 2 0.0044764
17 36 0 0.00457991
17 36 1 0.0047668
17 36 2 0.0044764
17 37 0 0.00457994
17 37 1 0.0047668
17 37 2 0.0044764
17 38 0 0.00457999
17 38 1 0.0047668
17 38 2 0.00447639
17 39 0 0.00458002
17 39 1 0.0047668
17 39 2 0.00447639
17 40 0 0.00458002
17 40 1 0.00476679
17 40 2 0.00447639
17 41 0 0.00457999
17 41 1 0.0047668
17 41 2 0.00447639
17 42 0 0.00457995
17 42 1 0.0047668
17 42 2 0.0044764
17 43 0 0.00457991
17 43 1 0.0047668
17 43 2 0.0044764
17 44 0 0.0045799
17 44 1 0.0047668
17 44 2 0.0044764
17 45 0 0.00457991
17 45 1 0.0047668
17 45 2 0.0044764
17 46 0 0.00457991
17 46 1 0.0047668
17 46 2 0.0044764
17 47 0 0.00457991
17 47 1 0.0047668
17 47 2 0.0044764
18 16 0 0.00457991
18 16 1 0.0047668
18 16 2 0.0044764
18 17 0 0.00457991
18 17 1 0.0047668
18 17 2 0.0044764
18 18 0 0.00457991
18 18 1 0.0047668
18 18 2 0.0044764
18 19 0 0.00457991
18 19 1 0.0047668
18 19 2 0.0044764
18 20 0 0.00457991
18 20 1 0.0047668
18 20 2 0.0044764
18 21 0 0.00457991
18 21 1 0.0047668
18 21 2 0.0044764
18 22 0 0.00457991
18 22 1 0.0047668
18 22 2 0.0044764
18 23 0 0.00457991
18 23 1 0.0047668
18 23 2 0.0044764
18 24 0 0.00457991
18 24 1 0.0047668
18 24 2 0.0044764
18 25 0 0.00457991
18 25 1 0.0047668
18 25 2 0.0044764
18 26 0 0.00457991
18 26 1 0.0047668
18 26 2 0.0044764
18 27 0 0.00457991
18 27 1 0.0047668
18 27 2 0.0044764
18 28 0 0.00457991
18 28 1 0.0047668
18 28 2 0.0044764
18 29 0 0.00457991
18 29 1 0.0047668
18 29 2 0.0044764
18 30 0 0.00457991
18 30 1 0.0047668
18 30 2 0.0044764
18 31 0 0.00457991
18 31 1 0.0047668
18 31 2 0.0044764
18 32 0 0.00457991
18 32 1 0.0047668
18 32 2 0.0044764
18 33 0 0.0045799
18 33 1 0.0047668
18 33 2 0.0044764
18 34 0 0.00457992
18 34 1 0.0047668
18 34 2 0.0044764
18 35 0 0.00457993
18 35 1 0.0047668
18 35 2 0.0044764
18 36 0 0.00457986
18 36 1 0.00476681
18 36 2 0.00447641
18 37 0 0.00457978
18 37 1 0.0047668
18 37 2 0.00447642
18 38 0 0.00457976
18 38 1 0.0047668
18 38 2 0.00447643
18 39 0 0.00457978
18 39 1 0.00476681
18 39 2 0.00447642
18 40 0 0.00457979
18 40 1 0.00476681
18 40 2 0.00447641
18 41 0 0.00457979
18 41 1 0.0047668
18 41 2 0.00447641
18 42 0 0.00457985
18 42 1 0.0047668
18 42 2 0.00447641
18 43 0 0.00457991
18 43 1 0.0047668
18 43 2 0.0044764
18 44 0 0.00457992
18 44 1 0.00476679
18 44 2 0.0044764
18 45 0 0.00457991
18 45 1 0.0047668
18 45 2 0.0044764
18 46 0 0.00457991
18 46 1 0.0047668
18 46 2 0.0044764
18 47 0 0.00457991
18 47 1 0.0047668
18 47 2 0.0044764
19 16 0 0.00457991
19 16 1 0.0047668
19 16 2 0.0044764
19 17 0 0.00457991
19 17 1 0.0047668
19 17 2 0.0044764
19 18 0 0.00457991
19 18 1 0.0047668
19 18 2 0.0044764
19 19 0 0.00457991
19 19 1 0.0047668
19 19 2 0.0044764
19 20 0 0.00457991
19 20 1 0.0047668
19 20 2 0.0044764
19 21 0 0.00457991
19 21 1 0.0047668
19 21 2 0.0044764
19 22 0 0.00457991
19 22 1 0.0047668
19 22 2 0.0044764
19 23 0 0.00457991
19 23 1 0.0047668
19 23 2 0.0044764
19 24 0 0.00457991
19 24 1 0.0047668
19 24 2 0.0044764
19 25 0 0.00457991
19 25 1 0.0047668
19 25 2 0.0044764
19 26 0 0.00457991
19 26 1 0.0047668
19 26 2 0.0044764
19 27 0 0.00457991
19 27 1 0.0047668
19 27 2 0.0044764
19 28 0 0.00457991
19 28 1 0.0047668
19 28 2 0.0044764
19 29 0 0.00457991
19 29 1 0.0047668
19 29 2 0.0044764
19 30 0 0.00457991
19 30 1 0.0047668
19 30 2 0.0044764
19 31 0 0.0045799
19 31 1 0.0047668
19 31 2 0.0044764
19 32 0 0.00457992
19 32 1 0.0047668
19 32 2 0.0044764
19 33 0 0.00457991
19 33 1 0.0047668
19 33 2 0.0044764
19 34 0 0.00457987
19 34 1 0.0047668
19 34 2 0.0044764
19 35 0 0.00457993
19 35 1 0.00476678
19 35 2 0.0044764
19 36 0 0.00458006
19 36 1 0.00476677
19 36 2 0.00447639
19 37 0 0.00457991
19 37 1 0.00476679
19 37 2 0.00447637
19 38 0 0.00457963
19 38 1 0.00476679
19 38 2 0.00447639
19 39 0 0.00457958
19 39 1 0.00476678
19 39 2 0.00447642
19 40 0 0.00457981
19 40 1 0.00476681
19 40 2 0.00447639
19 41 0 0.00458002
19 41 1 0.00476683
19 41 2 0.00447638
19 42 0 0.00457996
19 42 1 0.0047668
19 42 2 0.00447641
19 43 0 0.00457988
19 43 1 0.00476681
19 43 2 0.00447641
19 44 0 0.0045799
19 44 1 0.0047668
19 44 2 0.00447639
19 45 0 0.00457991
19 45 1 0.0047668
19 45 2 0.0044764
19 46 0 0.00457991
19 46 1 0.0047668
19 46 2 0.0044764
19 47 0 0.00457991
19 47 1 0.0047668
19 47 2 0.0044764
20 16 0 0.00457991
20 16 1 0.0047668
20 16 2 0.0044764
20 17 0 0.00457991
20 17 1 0.0047668
20 17 2 0.0044764
20 18 0 0.00457991
20 18 1 0.0047668
20 18 2 0.0044764
20 19 0 0.00457991
20 19 1 0.0047668
20 19 2 0.0044764
20 20 0 0.00457991
20 20 1 0.0047668
20 20 2 0.0044764
20 21 0 0.00457991
20 21 1 0.0047668
20 21 2 0.0044764
20 22 0 0.00457991
20 22 1 0.0047668
20 22 2 0.0044764
20 23 0 0.00457991
20 23 1 0.0047668
20 23 2 0.0044764
20 24 0 0.00457991
20 24 1 0.0047668
20 24 2 0.0044764
20 25 0 0.00457991
20 25 1 0.0047668
20 25 2 0.0044764
20 26 0 0.00457991
20 26 1 0.0047668
20 26 2 0.0044764
20 27 0 0.00457991
20 27 1 0.0047668
20 27 2 0.0044764
20 28 0 0.00457991
20 28 1 0.0047668
20 28 2 0.0044764
20 29 0 0.0045799
20 29 1 0.0047668
20 29 2 0.0044764
20 30 0 0.00457992
20 30 1 0.0047668
20 30 2 0.0044764
20 31 0 0.00457991
20 31 1 0.0047668
20 31 2 0.0044764
20 32 0 0.00457988
20 32 1 0.00476681
20 32 2 0.0044764
20 33 0 0.00457993
20 33 1 0.00476679
20 33 2 0.00447641
20 34 0 0.00457994
20 34 1 0.00476682
20 34 2 0.00447641
20 35 0 0.00457972
20 35 1 0.0047669
20 35 2 0.00447633
20 36 0 0.00457992
20 36 1 0.00476685
20 36 2 0.00447635
20 37 0 0.00458061
20 37 1 0.00476678
20 37 2 0.00447641
20 38 0 0.00458093
20 38 1 0.00476684
20 38 2 0.00447628
20 39 0 0.00458069
20 39 1 0.00476676
20 39 2 0.00447629
20 40 0 0.00458006
20 40 1 0.0047666
20 40 2 0.0044764
20 41 0 0.00457977
20 41 1 0.00476675
20 41 2 0.00447635
20 42 0 0.00457988
20 42 1 0.00476681
20 42 2 0.00447634
20 43 0 0.00457993
20 43 1 0.00476679
20 43 2 0.00447643
20 44 0 0.0045799
20 44 1 0.00476677
20 44 2 0.00447642
20 45 0 0.0045799
20 45 1 0.00476679
20 45 2 0.0044764
20 46 0 0.00457992
20 46 1 0.00476681
20 46 2 0.0044764
20 47 0 0.00457991
20 47 1 0.00476679
20 47 2 0.0044764
21 16 0 0.00457991
21 16 1 0.0047668
21 16 2 0.0044764
21 17 0 0.00457991
21 17 1 0.0047668
21 17 2 0.0044764
21 18 0 0.00457991
21 18 1 0.0047668
21 18 2 0.0044764
21 19 0 0.00457991
21 19 1 0.0047668
21 19 2 0.0044764
21 20 0 0.00457991
21 20 1 0.0047668
21 20 2 0.0044764
21 21 0 0.00457991
21 21 1 0.0047668
21 21 2 0.0044764
21 22 0 0.00457991
21 22 1 0.0047668
21 22 2 0.0044764
21 23 0 0.00457991
21 23 1 0.0047668
21 23 2 0.0044764
21 24 0 0.00457991
21 24 1 0.0047668
21 24 2 0.0044764
21 25 0 0.00457991
21 25 1 0.0047668
21 25 2 0.0044764
21 26 0 0.00457991
21 26 1 0.0047668
21 26 2 0.0044764
21 27 0 0.00457991
21 27 1 0.0047668
21 27 2 0.0044764
21 28 0 0.00457991
21 28 1 0.0047668
21 28 2 0.0044764
21 29 0 0.00457992
21 29 1 0.0047668
21 29 2 0.0044764
21 30 0 0.00457987
21 30 1 0.0047668
21 30 2 0.00447639
21 31 0 0.00457993
21 31 1 0.00476678
21 31 2 0.00447643
21 32 0 0.00457988
21 32 1 0.00476684
21 32 2 0.00447649
21 33 0 0.00457974
21 33 1 0.00476694
21 33 2 0.00447641
21 34 0 0.00457972
21 34 1 0.00476675
21 34 2 0.00447665
21 35 0 0.00457967
21 35 1 0.00476664
21 35 2 0.00447719
21 36 0 0.00457917
21 36 1 0.00476723
21 36 2 0.00447696
21 37 0 0.00457877
21 37 1 0.00476723
21 37 2 0.00447707
21 38 0 0.00457879
21 38 1 0.00476694
21 38 2 0.00447759
21 39 0 0.00457912
21 39 1 0.00476763
21 39 2 0.00447714
21 40 0 0.00457941
21 40 1 0.00476742
21 40 2 0.00447687
21 41 0 0.00457962
21 41 1 0.00476682
21 41 2 0.00447689
21 42 0 0.00457978
21 42 1 0.0047669
21 42 2 0.00447659
21 43 0 0.00457982
21 43 1 0.00476702
21 43 2 0.00447644
21 44 0 0.00457993
21 44 1 0.0047668
21 44 2 0.00447642
21 45 0 0.00457989
21 45 1 0.00476673
21 45 2 0.00447641
21 46 0 0.0045799
21 46 1 0.00476684
21 46 2 0.0044764
21 47 0 0.00457992
21 47 1 0.00476678
21 47 2 0.0044764
22 16 0 0.00457991
22 16 1 0.0047668
22 16 2 0.0044764
22 17 0 0.00457991
22 17 1 0.0047668
22 17 2 0.0044764
22 18 0 0.00457991
22 18 1 0.0047668
22 18 2 0.0044764
22 19 0 0.00457991
22 19 1 0.0047668
22 19 2 0.0044764
22 20 0 0.00457991
22 20 1 0.0047668
22 20 2 0.0044764
22 21 0 0.00457991
22 21 1 0.0047668
22 21 2 0.0044764
22 22 0 0.00457991
22 22 1 0.0047668
22 22 2 0.0044764
22 23 0 0.00457991
22 23 1 0.0047668
22 23 2 0.0044764
22 24 0 0.00457991
22 24 1 0.0047668
22 24 2 0.0044764
22 25 0 0.00457991
22 25 1 0.0047668
22 25 2 0.0044764
22 26 0 0.0045799
22 26 1 0.0047668
22 26 2 0.0044764
22 27 0 0.00457994
22 27 1 0.0047668
22 27 2 0.0044764
22 28 0 0.00457986
22 28 1 0.0047668
22 28 2 0.00447641
22 29 0 0.00457994
22 29 1 0.00476679
22 29 2 0.00447639
22 30 0 0.00457989
22 30 1 0.00476684
22 30 2 0.00447644
22 31 0 0.00457972
22 31 1 0.00476696
22 31 2 0.00447639
22 32 0 0.0045796
22 32 1 0.00476675
22 32 2 0.00447623
22 33 0 0.00457938
22 33 1 0.00476662
22 33 2 0.00447609
22 34 0 0.00457945
22 34 1 0.00476755
22 34 2 0.00447413
22 35 0 0.00457799
22 35 1 0.0047666
22 35 2 0.00447223
22 36 0 0.00457801
22 36 1 0.00476434
22 36 2 0.00447225
22 37 0 0.00457935
22 37 1 0.00476518
22 37 2 0.00447029
22 38 0 0.0045781
22 38 1 0.0047642
22 38 2 0.00447059
22 39 0 0.00457831
22 39 1 0.00476307
22 39 2 0.00447368
22 40 0 0.00457987
22 40 1 0.00476562
22 40 2 0.00447426
22 41 0 0.00457935
22 41 1 0.00476641
22 41 2 0.00447532
22 42 0 0.00457945
22 42 1 0.00476616
22 42 2 0.00447641
22 43 0 0.00457976
22 43 1 0.00476701
22 43 2 0.00447655
22 44 0 0.00457984
22 44 1 0.00476709
22 44 2 0.00447639
22 45 0 0.00457998
22 45 1 0.00476656
22 45 2 0.0044764
22 46 0 0.00457984
22 46 1 0.0047669
22 46 2 0.00447641
22 47 0 0.00457995
22 47 1 0.00476677
22 47 2 0.0044764
23 16 0 0.00457991
23 16 1 0.0047668
23 16 2 0.0044764
23 17 0 0.00457991
23 17 1 0.0047668
23 17 2 0.0044764
23 18 0 0.00457991
23 18 1 0.0047668
23 18 2 0.0044764
23 19 0 0.00457991
23 19 1 0.0047668
23 19 2 0.0044764
23 20 0 0.00457991
23 20 1 0.0047668
23 20 2 0.0044764
23 21 0 0.00457991
23 21 1 0.0047668
23 21 2 0.0044764
23 22 0 0.00457991
23 22 1 0.0047668
23 22 2 0.0044764
23 23 0 0.00457991
23 23 1 0.0047668
23 23 2 0.0044764
23 24 0 0.00457991
23 24 1 0.0047668
23 24 2 0.0044764
23 25 0 0.00457988
23 25 1 0.0047668
23 25 2 0.0044764
23 26 0 0.00457999
23 26 1 0.0047668
23 26 2 0.0044764
23 27 0 0.00457977
23 27 1 0.00476681
23 27 2 0.00447642
23 28 0 0.00458008
23 28 1 0.0047668
23 28 2 0.00447633
23 29 0 0.00457964
23 29 1 0.00476688
23 29 2 0.00447643
23 30 0 0.00457977
23 30 1 0.00476676
23 30 2 0.00447659
23 31 0 0.00457932
23 31 1 0.00476697
23 31 2 0.00447582
23 32 0 0.00457933
23 32 1 0.00476817
23 32 2 0.00447466
23 33 0 0.00457641
23 33 1 0.00476735
23 33 2 0.00447547
23 34 0 0.00457646
23 34 1 0.00476487
23 34 2 0.00448016
23 35 0 0.00457925
23 35 1 0.00476841
23 35 2 0.00448058
23 36 0 0.00456835
23 36 1 0.0047679
23 36 2 0.00448261
23 37 0 0.00456831
23 37 1 0.00476488
23 37 2 0.00448655
23 38 0 0.00457858
23 38 1 0.00477016
23 38 2 0.00448156
23 39 0 0.00457589
23 39 1 0.00476783
23 39 2 0.00447903
23 40 0 0.00457633
23 40 1 0.00476505
23 40 2 0.00447936
23 41 0 0.00457967
23 41 1 0.00476641
23 41 2 0.0044767
23 42 0 0.00457929
23 42 1 0.00476556
23 42 2 0.00447583
23 43 0 0.00457963
23 43 1 0.00476635
23 43 2 0.00447667
23 44 0 0.00457971
23 44 1 0.00476769
23 44 2 0.00447649
23 45 0 0.00458003
23 45 1 0.00476625
23 45 2 0.00447638
23 46 0 0.00457982
23 46 1 0.00476698
23 46 2 0.0044764
23 47 0 0.00457997
23 47 1 0.00476676
23 47 2 0.0044764
24 16 0 0.00457991
24 16 1 0.0047668
24 16 2 0.0044764
24 17 0 0.00457991
24 17 1 0.0047668
24 17 2 0.0044764
24 18 0 0.00457991
24 18 1 0.0047668
24 18 2 0.0044764
24 19 0 0.00457991
24 19 1 0.0047668
24 19 2 0.0044764
24 20 0 0.00457991
24 20 1 0.0047668
24 20 2 0.0044764
24 21 0 0.00457991
24 21 1 0.0047668
24 21 2 0.0044764
24 22 0 0.00457991
24 22 1 0.0047668
24 22 2 0.0044764
24 23 0 0.00457991
24 23 1 0.0047668
24 23 2 0.0044764
24 24 0 0.00457987
24 24 1 0.0047668
24 24 2 0.0044764
24 25 0 0.00458002
24 25 1 0.0047668
24 25 2 0.00447639
24 26 0 0.00457974
24 26 1 0.00476682
24 26 2 0.00447644
24 27 0 0.00457999
24 27 1 0.00476677
24 27 2 0.0044763
24 28 0 0.00457971
24 28 1 0.00476681
24 28 2 0.00447664
24 29 0 0.00457975
24 29 1 0.00476704
24 29 2 0.00447665
24 30 0 0.00457931
24 30 1 0.0047679
24 30 2 0.00447407
24 31 0 0.00457632
24 31 1 0.0047664
24 31 2 0.00447698
24 32 0 0.00457435
24 32 1 0.0047647
24 32 2 0.00447959
24 33 0 0.00457895
24 33 1 0.00476858
24 33 2 0.00447049
24 34 0 0.004568
24 34 1 0.00476028
24 34 2 0.00445806
24 35 0 0.00457528
24 35 1 0.00474676
24 35 2 0.00445645
24 36 0 0.00460247
24 36 1 0.00475085
24 36 2 0.00444943
24 37 0 0.00457709
24 37 1 0.00474931
24 37 2 0.00445099
24 38 0 0.00457083
24 38 1 0.00474935
24 38 2 0.00446648
24 39 0 0.00458002
24 39 1 0.00476185
24 39 2 0.0044717
24 40 0 0.00457386
24 40 1 0.00476774
24 40 2 0.00447703
24 41 0 0.0045761
24 41 1 0.00476849
24 41 2 0.00447834
24 42 0 0.00457983
24 42 1 0.00476469
24 42 2 0.00447626
24 43 0 0.00457957
24 43 1 0.00476472
24 43 2 0.00447659
24 44 0 0.00457976
24 44 1 0.00476896
24 44 2 0.00447648
24 45 0 0.00457984
24 45 1 0.00476587
24 45 2 0.00447642
24 46 0 0.00457987
24 46 1 0.00476706
24 46 2 0.00447641
24 47 0 0.00457998
24 47 1 0.00476675
24 47 2 0.0044764
25 16 0 0.00457991
25 16 1 0.0047668
25 16 2 0.0044764
25 17 0 0.00457991
25 17 1 0.0047668
25 17 2 0.0044764
25 18 0 0.00457991
25 18 1 0.0047668
25 18 2 0.0044764
25 19 0 0.00457991
25 19 1 0.0047668
25 19 2 0.0044764
25 20 0 0.00457991
25 20 1 0.0047668
25 20 2 0.0044764
25 21 0 0.00457991
25 21 1 0.0047668
25 21 2 0.0044764
25 22 0 0.00457991
25 22 1 0.0047668
25 22 2 0.0044764
25 23 0 0.00457988
25 23 1 0.0047668
25 23 2 0.0044764
25 24 0 0.00458002
25 24 1 0.0047668
25 24 2 0.00447639
25 25 0 0.00457976
25 25 1 0.00476682
25 25 2 0.00447645
25 26 0 0.00457976
25 26 1 0.00476675
25 26 2 0.0044763
25 27 0 0.00458022
25 27 1 0.00476697
25 27 2 0.00447663
25 28 0 0.00457962
25 28 1 0.0047672
25 28 2 0.00447636
25 29 0 0.00457754
25 29 1 0.00476646
25 29 2 0.00447382
25 30 0 0.00457539
25 30 1 0.00476633
25 30 2 0.00448007
25 31 0 0.00457998
25 31 1 0.00477047
25 31 2 0.00446757
25 32 0 0.00457099
25 32 1 0.00475564
25 32 2 0.00443737
25 33 0 0.00456966
25 33 1 0.00472395
25 33 2 0.00442315
25 34 0 0.00461508
25 34 1 0.00470298
25 34 2 0.0044087
25 35 0 0.00458426
25 35 1 0.00469017
25 35 2 0.00438624
25 36 0 0.00458814
25 36 1 0.00468891
25 36 2 0.0043832
25 37 0 0.00461664
25 37 1 0.00470182
25 37 2 0.00439976
25 38 0 0.0045716
25 38 1 0.00471574
25 38 2 0.00442389
25 39 0 0.00457455
25 39 1 0.00472564
25 39 2 0.00445644
25 40 0 0.00458073
25 40 1 0.00475159
25 40 2 0.00447683
25 41 0 0.00457478
25 41 1 0.00477393
25 41 2 0.00447713
25 42 0 0.00457778
25 42 1 0.00476794
25 42 2 0.00447636
25 43 0 0.00458008
25 43 1 0.00476112
25 43 2 0.00447693
25 44 0 0.00457992
25 44 1 0.00477017
25 44 2 0.00447645
25 45 0 0.00457965
25 45 1 0.00476562
25 45 2 0.0044764
25 46 0 0.00457991
25 46 1 0.00476709
25 46 2 0.00447641
25 47 0 0.00457998
25 47 1 0.00476675
25 47 2 0.0044764
26 16 0 0.00457991
26 16 1 0.0047668
26 16 2 0.0044764
26 17 0 0.00457991
26 17 1 0.0047668
26 17 2 0.0044764
26 18 0 0.00457991
26 18 1 0.0047668
26 18 2 0.0044764
26 19 0 0.00457991
26 19 1 0.0047668
26 19 2 0.0044764
26 20 0 0.00457991
26 20 1 0.0047668
26 20 2 0.0044764
26 21 0 0.00457991
26 21 1 0.0047668
26 21 2 0.0044764
26 22 0 0.00457989
26 22 1 0.0047668
26 22 2 0.0044764
26 23 0 0.00457999
26 23 1 0.0047668
26 23 2 0.00447639
26 24 0 0.00457976
26 24 1 0.00476682
26 24 2 0.00447644
26 25 0 0.00457972
26 25 1 0.00476675
26 25 2 0.0044763
26 26 0 0.00458047
26 26 1 0.00476696
26 26 2 0.00447664
26 27 0 0.00457946
26 27 1 0.0047668
26 27 2 0.00447668
26 28 0 0.00457633
26 28 1 0.00476698
26 28 2 0.00447248
26 29 0 0.00457867
26 29 1 0.0047693
26 29 2 0.00447935
26 30 0 0.00457397
26 30 1 0.00475936
26 30 2 0.00445728
26 31 0 0.00457483
26 31 1 0.00472699
26 31 2 0.00442428
26 32 0 0.00463695
26 32 1 0.004678
26 32 2 0.00444249
26 33 0 0.00463073
26 33 1 0.00465393
26 33 2 0.00443012
26 34 0 0.00465092
26 34 1 0.00462353
26 34 2 0.00439996
26 35 0 0.00473958
26 35 1 0.00461022
26 35 2 0.004492
26 36 0 0.00465197
26 36 1 0.00460638
26 36 2 0.00446808
26 37 0 0.00463114
26 37 1 0.00469534
26 37 2 0.0044167
26 38 0 0.00463901
26 38 1 0.00472309
26 38 2 0.00441372
26 39 0 0.00457791
26 39 1 0.00472485
26 39 2 0.00443824
26 40 0 0.00457755
26 40 1 0.00472954
26 40 2 0.0044733
26 41 0 0.00457656
26 41 1 0.00476798
26 41 2 0.00447861
26 42 0 0.00457638
26 42 1 0.00477322
26 42 2 0.00447581
26 43 0 0.00458075
26 43 1 0.00475854
26 43 2 0.00447682
26 44 0 0.00457986
26 44 1 0.00477074
26 44 2 0.00447653
26 45 0 0.00457965
26 45 1 0.00476562
26 45 2 0.0044764
26 46 0 0.00457987
26 46 1 0.00476706
26 46 2 0.00447641
26 47 0 0.00457997
26 47 1 0.00476676
26 47 2 0.0044764
27 16 0 0.00457991
27 16 1 0.0047668
27 16 2 0.0044764
27 17 0 0.00457991
27 17 1 0.0047668
27 17 2 0.0044764
27 18 0 0.00457991
27 18 1 0.0047668
27 18 2 0.0044764
27 19 0 0.00457991
27 19 1 0.0047668
27 19 2 0.0044764
27 20 0 0.00457991
27 20 1 0.0047668
27 20 2 0.0044764
27 21 0 0.00457991
27 21 1 0.0047668
27 21 2 0.0044764
27 22 0 0.00457995
27 22 1 0.0047668
27 22 2 0.0044764
27 23 0 0.00457978
27 23 1 0.00476681
27 23 2 0.00447643
27 24 0 0.00457992
27 24 1 0.00476677
27 24 2 0.00447632
27 25 0 0.00458025
27 25 1 0.00476687
27 25 2 0.00447667
27 26 0 0.0045796
27 26 1 0.00476721
27 26 2 0.00447627
27 27 0 0.00457708
27 27 1 0.00476681
27 27 2 0.00447217
27 28 0 0.00457123
27 28 1 0.00476446
27 28 2 0.00448491
27 29 0 0.00458286
27 29 1 0.00475411
27 29 2 0.00444921
27 30 0 0.00460325
27 30 1 0.00471862
27 30 2 0.00440712
27 31 0 0.00466044
27 31 1 0.00464441
27 31 2 0.00443262
27 32 0 0.00474441
27 32 1 0.0045484
27 32 2 0.00431522
27 33 0 0.00505116
27 33 1 0.0045368
27 33 2 0.0043947
27 34 0 0.00502357
27 34 1 0.00458713
27 34 2 0.00427081
27 35 0 0.00500229
27 35 1 0.00480763
27 35 2 0.004067
27 36 0 0.00507487
27 36 1 0.00462625
27 36 2 0.00428846
27 37 0 0.00476271
27 37 1 0.00450324
27 37 2 0.00431017
27 38 0 0.00466361
27 38 1 0.00470482
27 38 2 0.00437377
27 39 0 0.00460113
27 39 1 0.00473192
27 39 2 0.00443239
27 40 0 0.00458617
27 40 1 0.00472358
27 40 2 0.00446555
27 41 0 0.0045682
27 41 1 0.00476455
27 41 2 0.00447609
27 42 0 0.00457693
27 42 1 0.00477567
27 42 2 0.00447739
27 43 0 0.00458075
27 43 1 0.00475854
27 43 2 0.00447682
27 44 0 0.00457992
27 44 1 0.00477017
27 44 2 0.00447645
27 45 0 0.00457984
27 45 1 0.00476587
27 45 2 0.00447642
27 46 0 0.00457982
27 46 1 0.00476698
27 46 2 0.0044764
27 47 0 0.00457995
27 47 1 0.00476677
27 47 2 0.0044764
28 16 0 0.00457991
28 16 1 0.0047668
28 16 2 0.0044764
28 17 0 0.00457991
28 17 1 0.0047668
28 17 2 0.0044764
28 18 0 0.00457991
28 18 1 0.0047668
28 18 2 0.0044764
28 19 0 0.00457991
28 19 1 0.0047668
28 19 2 0.0044764
28 20 0 0.00457991
28 20 1 0.0047668
28 20 2 0.0044764
28 21 0 0.00457991
28 21 1 0.0047668
28 21 2 0.0044764
28 22 0 0.00457984
28 22 1 0.00476681
28 22 2 0.00447641
28 23 0 0.00458006
28 23 1 0.00476677
28 23 2 0.00447638
28 24 0 0.00457979
28 24 1 0.00476686
28 24 2 0.00447648
28 25 0 0.00457972
28 25 1 0.00476733
28 25 2 0.00447656
28 26 0 0.00457618
28 26 1 0.00476412
28 26 2 0.00447435
28 27 0 0.0045711
28 27 1 0.00477104
28 27 2 0.00447844
28 28 0 0.00460247
28 28 1 0.00475666
28 28 2 0.00444376
28 29 0 0.00460065
28 29 1 0.00469748
28 29 2 0.00439698
28 30 0 0.00467993
28 30 1 0.00458522
28 30 2 0.00441471
28 31 0 0.00502412
28 31 1 0.00457814
28 31 2 0.00435997
28 32 0 0.00550683
28 32 1 0.00472956
28 32 2 0.00417188
28 33 0 0.0055968
28 33 1 0.00533597
28 33 2 0.00427597
28 34 0 0.00637391
28 34 1 0.00452558
28 34 2 0.00492659
28 35 0 0.00555818
28 35 1 0.00469365
28 35 2 0.00507915
28 36 0 0.00557444
28 36 1 0.00480795
28 36 2 0.0042035
28 37 0 0.00503524
28 37 1 0.0046638
28 37 2 0.00426629
28 38 0 0.00468569
28 38 1 0.00464063
28 38 2 0.00434522
28 39 0 0.00459233
28 39 1 0.00473121
28 39 2 0.00442332
28 40 0 0.00460474
28 40 1 0.004716
28 40 2 0.00447238
28 41 0 0.0045682
28 41 1 0.00476455
28 41 2 0.00447609
28 42 0 0.00457638
28 42 1 0.00477322
28 42 2 0.00447581
28 43 0 0.00458008
28 43 1 0.00476112
28 43 2 0.00447693
28 44 0 0.00457976
28 44 1 0.00476896
28 44 2 0.00447648
28 45 0 0.00458003
28 45 1 0.00476625
28 45 2 0.00447638
28 46 0 0.00457984
28 46 1 0.0047669
28 46 2 0.00447641
28 47 0 0.00457992
28 47 1 0.00476678
28 47 2 0.0044764
29 16 0 0.00457991
29 16 1 0.0047668
29 16 2 0.0044764
29 17 0 0.00457991
29 17 1 0.0047668
29 17 2 0.0044764
29 18 0 0.00457991
29 18 1 0.0047668
29 18 2 0.0044764
29 19 0 0.00457991
29 19 1 0.0047668
29 19 2 0.0044764
29 20 0 0.0045799
29 20 1 0.0047668
29 20 2 0.0044764
29 21 0 0.00457991
29 21 1 0.0047668
29 21 2 0.00447641
29 22 0 0.00457997
29 22 1 0.00476681
29 22 2 0.00447638
29 23 0 0.00457964
29 23 1 0.00476678
29 23 2 0.00447646
29 24 0 0.00457967
29 24 1 0.00476712
29 24 2 0.00447675
29 25 0 0.00457745
29 25 1 0.00476558
29 25 2 0.00447348
29 26 0 0.0045789
29 26 1 0.00477066
29 26 2 0.00447967
29 27 0 0.0045859
29 27 1 0.00474694
29 27 2 0.00445507
29 28 0 0.00460079
29 28 1 0.00470114
29 28 2 0.00439301
29 29 0 0.00475303
29 29 1 0.00461359
29 29 2 0.00444292
29 30 0 0.00512592
29 30 1 0.00464025
29 30 2 0.00416064
29 31 0 0.00584752
29 31 1 0.00469925
29 31 2 0.00484498
29 32 0 0.00773839
29 32 1 0.00397252
29 32 2 0.00842828
29 33 0 0.00721716
29 33 1 0.00605074
29 33 2 0.00822097
29 34 0 0.00725704
29 34 1 0.00887993
29 34 2 0.00536406
29 35 0 0.00748934
29 35 1 0.00759671
29 35 2 0.00460461
29 36 0 0.00592422
29 36 1 0.00521801
29 36 2 0.00439004
29 37 0 0.0050694
29 37 1 0.00454885
29 37 2 0.00425034
29 38 0 0.00475301
29 38 1 0.00464458
29 38 2 0.00432093
29 39 0 0.00459233
29 39 1 0.00473121
29 39 2 0.00442332
29 40 0 0.00458617
29 40 1 0.00472358
29 40 2 0.00446555
29 41 0 0.00457656
29 41 1 0.00476798
29 41 2 0.00447861
29 42 0 0.00457778
29 42 1 0.00476794
29 42 2 0.00447636
29 43 0 0.00457957
29 43 1 0.00476472
29 43 2 0.00447659
29 44 0 0.00457971
29 44 1 0.00476769
29 44 2 0.00447649
29 45 0 0.00457998
29 45 1 0.00476656
29 45 2 0.0044764
29 46 0 0.0045799
29 46 1 0.00476684
29 46 2 0.0044764
29 47 0 0.00457991
29 47 1 0.00476679
29 47 2 0.0044764
30 16 0 0.00457991
30 16 1 0.0047668
30 16 2 0.0044764
30 17 0 0.00457991
30 17 1 0.0047668
30 17 2 0.0044764
30 18 0 0.00457991
30 18 1 0.0047668
30 18 2 0.0044764
30 19 0 0.00457991
30 19 1 0.0047668
30 19 2 0.0044764
30 20 0 0.00457992
30 20 1 0.00476679
30 20 2 0.0044764
30 21 0 0.00457989
30 21 1 0.00476682
30 21 2 0.00447639
30 22 0 0.00457981
30 22 1 0.00476673
30 22 2 0.0044765
30 23 0 0.00457975
30 23 1 0.00476725
30 23 2 0.00447626
30 24 0 0.00457938
30 24 1 0.00476491
30 24 2 0.0044759
30 25 0 0.0045756
30 25 1 0.00476972
30 25 2 0.00447781
30 26 0 0.00457686
30 26 1 0.00475907
30 26 2 0.0044555
30 27 0 0.00460717
30 27 1 0.0047051
30 27 2 0.00441271
30 28 0 0.00470731
30 28 1 0.00467194
30 28 2 0.00436415
30 29 0 0.00514943
30 29 1 0.00450292
30 29 2 0.00432817
30 30 0 0.00595157
30 30 1 0.00451157
30 30 2 0.00502545
30 31 0 0.00861261
30 31 1 0.00602744
30 31 2 0.00705038
30 32 0 0.0130804
30 32 1 0.00326184
30 32 2 0.00956983
30 33 0 0.0161892
30 33 1 0.0115413
30 33 2 0.0185476
30 34 0 0.0134555
30 34 1 0.00529551
30 34 2 0.00766782
30 35 0 0.00804593
30 35 1 0.0074469
30 35 2 0.00508935
30 36 0 0.00589083
30 36 1 0.0055275
30 36 2 0.00394925
30 37 0 0.0050694
30 37 1 0.00454885
30 37 2 0.00425034
30 38 0 0.00468569
30 38 1 0.00464063
30 38 2 0.00434522
30 39 0 0.00460113
30 39 1 0.00473192
30 39 2 0.00443239
30 40 0 0.00457755
30 40 1 0.00472954
30 40 2 0.0044733
30 41 0 0.00457478
30 41 1 0.00477393
30 41 2 0.00447713
30 42 0 0.00457983
30 42 1 0.00476469
30 42 2 0.00447626
30 43 0 0.00457963
30 43 1 0.00476635
30 43 2 0.00447667
30 44 0 0.00457984
30 44 1 0.00476709
30 44 2 0.00447639
30 45 0 0.00457989
30 45 1 0.00476673
30 45 2 0.00447641
30 46 0 0.00457992
30 46 1 0.00476681
30 46 2 0.0044764
30 47 0 0.00457991
30 47 1 0.0047668
30 47 2 0.0044764
31 16 0 0.00457991
31 16 1 0.0047668
31 16 2 0.0044764
31 17 0 0.00457991
31 17 1 0.0047668
31 17 2 0.0044764
31 18 0 0.00457991
31 18 1 0.0047668
31 18 2 0.0044764
31 19 0 0.00457991
31 19 1 0.0047668
31 19 2 0.0044764
31 20 0 0.0045799
31 20 1 0.00476678
31 20 2 0.00447641
31 21 0 0.00457991
31 21 1 0.00476687
31 21 2 0.00447638
31 22 0 0.00457981
31 22 1 0.00476685
31 22 2 0.00447655
31 23 0 0.00457917
31 23 1 0.00476557
31 23 2 0.00447647
31 24 0 0.00457614
31 24 1 0.00477084
31 24 2 0.00447446
31 25 0 0.00458085
31 25 1 0.00475644
31 25 2 0.00447559
31 26 0 0.00457704
31 26 1 0.00472642
31 26 2 0.00442185
31 27 0 0.00467271
31 27 1 0.00469167
31 27 2 0.00439247
31 28 0 0.00505705
31 28 1 0.00460596
31 28 2 0.00432981
31 29 0 0.0059655
31 29 1 0.00500332
31 29 2 0.00462317
31 30 0 0.00843136
31 30 1 0.00597994
31 30 2 0.00713723
31 31 0 0.0128128
31 31 1 0.0113676
31 31 2 0.0208172
31 32 0 0.108095
31 32 1 0.0670498
31 32 2 0.0856739
31 33 0 0.110082
31 33 1 0.134987
31 33 2 0.015543
31 34 0 0.013591
31 34 1 0.0268055
31 34 2 0.00587254
31 35 0 0.00804593
31 35 1 0.0074469
31 35 2 0.00508935
31 36 0 0.00592422
31 36 1 0.00521801
31 36 2 0.00439004
31 37 0 0.00503524
31 37 1 0.0046638
31 37 2 0.00426629
31 38 0 0.00466361
31 38 1 0.00470482
31 38 2 0.00437377
31 39 0 0.00457791
31 39 1 0.00472485
31 39 2 0.00443824
31 40 0 0.00458073
31 40 1 0.00475159
31 40 2 0.00447683
31 41 0 0.0045761
31 41 1 0.00476849
31 41 2 0.00447834
31 42 0 0.00457929
31 42 1 0.00476556
31 42 2 0.00447583
31 43 0 0.00457976
31 43 1 0.00476701
31 43 2 0.00447655
31 44 0 0.00457993
31 44 1 0.0047668
31 44 2 0.00447642
31 45 0 0.0045799
31 45 1 0.00476679
31 45 2 0.0044764
31 46 0 0.00457991
31 46 1 0.0047668
31 46 2 0.0044764
31 47 0 0.00457991
31 47 1 0.0047668
31 47 2 0.0044764
32 16 0 0.00457991
32 16 1 0.0047668
32 16 2 0.0044764
32 17 0 0.00457991
32 17 1 0.0047668
32 17 2 0.0044764
32 18 0 0.00457991
32 18 1 0.0047668
32 18 2 0.0044764
32 19 0 0.00457992
32 19 1 0.0047668
32 19 2 0.0044764
32 20 0 0.0045799
32 20 1 0.00476678
32 20 2 0.00447641
32 21 0 0.00457982
32 21 1 0.00476701
32 21 2 0.00447648
32 22 0 0.0045795
32 22 1 0.00476619
32 22 2 0.0044762
32 23 0 0.00457949
32 23 1 0.00476675
32 23 2 0.00447677
32 24 0 0.00457453
32 24 1 0.00476854
32 24 2 0.00447503
32 25 0 0.00457274
32 25 1 0.00473289
32 25 2 0.00445173
32 26 0 0.00463909
32 26 1 0.00473869
32 26 2 0.00439782
32 27 0 0.00474633
32 27 1 0.00461321
32 27 2 0.00421443
32 28 0 0.0055312
32 28 1 0.00445708
32 28 2 0.00454698
32 29 0 0.00758664
32 29 1 0.00703366
32 29 2 0.00493739
32 30 0 0.0127125
32 30 1 0.0119028
32 30 2 0.00121085
32 31 0 0.109134
32 31 1 0.0236737
32 31 2 0.124337
32 32 0 0.031831
32 32 1 0.031831
32 32 2 0.031831
32 33 0 0.110082
32 33 1 0.134987
32 33 2 0.015543
32 34 0 0.0134555
32 34 1 0.00529551
32 34 2 0.00766782
32 35 0 0.00748934
32 35 1 0.00759671
32 35 2 0.00460461
32 36 0 0.00557444
32 36 1 0.00480795
32 36 2 0.0042035
32 37 0 0.00476271
32 37 1 0.00450324
32 37 2 0.00431017
32 38 0 0.00463901
32 38 1 0.00472309
32 38 2 0.00441372
32 39 0 0.00457455
32 39 1 0.00472564
32 39 2 0.00445644
32 40 0 0.00457386
32 40 1 0.00476774
32 40 2 0.00447703
32 41 0 0.00457967
32 41 1 0.00476641
32 41 2 0.0044767
32 42 0 0.00457945
32 42 1 0.00476616
32 42 2 0.00447641
32 43 0 0.00457982
32 43 1 0.00476702
32 43 2 0.00447644
32 44 0 0.0045799
32 44 1 0.00476677
32 44 2 0.00447642
32 45 0 0.00457991
32 45 1 0.0047668
32 45 2 0.0044764
32 46 0 0.00457991
32 46 1 0.0047668
32 46 2 0.0044764
32 47 0 0.00457991
32 47 1 0.0047668
32 47 2 0.0044764
33 16 0 0.00457991
33 16 1 0.0047668
33 16 2 0.0044764
33 17 0 0.00457991
33 17 1 0.0047668
33 17 2 0.0044764
33 18 0 0.00457991
33 18 1 0.0047668
33 18 2 0.0044764
33 19 0 0.0045799
33 19 1 0.00476677
33 19 2 0.00447641
33 20 0 0.00457992
33 20 1 0.00476687
33 20 2 0.00447637
33 21 0 0.00457984
33 21 1 0.00476695
33 21 2 0.00447655
33 22 0 0.00457926
33 22 1 0.00476468
33 22 2 0.00447648
33 23 0 0.00457635
33 23 1 0.004773
33 23 2 0.00447373
33 24 0 0.00457965
33 24 1 0.00474923
33 24 2 0.00447842
33 25 0 0.00457083
33 25 1 0.00473436
33 25 2 0.00443054
33 26 0 0.00462839
33 26 1 0.00470975
33 26 2 0.00437509
33 27 0 0.00502239
33 27 1 0.00468067
33 27 2 0.00426592
33 28 0 0.00554507
33 28 1 0.00488977
33 28 2 0.00473736
33 29 0 0.00696332
33 29 1 0.00657837
33 29 2 0.00679496
33 30 0 0.016013
33 30 1 0.0237835
33 30 2 0.00657726
33 31 0 0.109134
33 31 1 0.0236737
33 31 2 0.124337
33 32 0 0.108095
33 32 1 0.0670498
33 32 2 0.0856739
33 33 0 0.0161892
33 33 1 0.0115413
33 33 2 0.0185476
33 34 0 0.00725704
33 34 1 0.00887993
33 34 2 0.00536406
33 35 0 0.00555818
33 35 1 0.00469365
33 35 2 0.00507915
33 36 0 0.00507487
33 36 1 0.00462625
33 36 2 0.00428846
33 37 0 0.00463114
33 37 1 0.00469534
33 37 2 0.0044167
33 38 0 0.0045716
33 38 1 0.00471574
33 38 2 0.00442389
33 39 0 0.00458002
33 39 1 0.00476185
33 39 2 0.0044717
33 40 0 0.00457633
33 40 1 0.00476505
33 40 2 0.00447936
33 41 0 0.00457935
33 41 1 0.00476641
33 41 2 0.00447532
33 42 0 0.00457978
33 42 1 0.0047669
33 42 2 0.00447659
33 43 0 0.00457993
33 43 1 0.00476679
33 43 2 0.00447643
33 44 0 0.0045799
33 44 1 0.0047668
33 44 2 0.00447639
33 45 0 0.00457991
33 45 1 0.0047668
33 45 2 0.0044764
33 46 0 0.00457991
33 46 1 0.0047668
33 46 2 0.0044764
33 47 0 0.00457991
33 47 1 0.0047668
33 47 2 0.0044764
34 16 0 0.00457991
34 16 1 0.0047668
34 16 2 0.0044764
34 17 0 0.00457991
34 17 1 0.0047668
34 17 2 0.0044764
34 18 0 0.00457992
34 18 1 0.00476682
34 18 2 0.0044764
34 19 0 0.00457988
34 19 1 0.00476671
34 19 2 0.00447641
34 20 0 0.00457989
34 20 1 0.00476708
34 20 2 0.00447642
34 21 0 0.00457962
34 21 1 0.00476651
34 21 2 0.00447632
34 22 0 0.00457972
34 22 1 0.00476446
34 22 2 0.00447688
34 23 0 0.00457629
34 23 1 0.00477446
34 23 2 0.00447438
34 24 0 0.00456841
34 24 1 0.00474089
34 24 2 0.004465
34 25 0 0.00462057
34 25 1 0.00472995
34 25 2 0.00441827
34 26 0 0.0046393
34 26 1 0.00468682
34 26 2 0.00430359
34 27 0 0.00497034
34 27 1 0.00447348
34 27 2 0.00443272
34 28 0 0.00635762
34 28 1 0.0053114
34 28 2 0.00396165
34 29 0 0.00696332
34 29 1 0.00657837
34 29 2 0.00679496
34 30 0 0.0127125
34 30 1 0.0119028
34 30 2 0.00121085
34 31 0 0.0128128
34 31 1 0.0113676
34 31 2 0.0208172
34 32 0 0.0130804
34 32 1 0.00326184
34 32 2 0.00956983
34 33 0 0.00721716
34 33 1 0.00605074
34 33 2 0.00822097
34 34 0 0.00637391
34 34 1 0.00452558
34 34 2 0.00492659
34 35 0 0.00500229
34 35 1 0.00480763
34 35 2 0.004067
34 36 0 0.00465197
34 36 1 0.00460638
34 36 2 0.00446808
34 37 0 0.00461664
34 37 1 0.00470182
34 37 2 0.00439976
34 38 0 0.00457083
34 38 1 0.00474935
34 38 2 0.00446648
34 39 0 0.00457589
34 39 1 0.00476783
34 39 2 0.00447903
34 40 0 0.00457987
34 40 1 0.00476562
34 40 2 0.00447426
34 41 0 0.00457962
34 41 1 0.00476682
34 41 2 0.00447689
34 42 0 0.00457988
34 42 1 0.00476681
34 42 2 0.00447634
34 43 0 0.00457988
34 43 1 0.00476681
34 43 2 0.00447641
34 44 0 0.00457992
34 44 1 0.00476679
34 44 2 0.0044764
34 45 0 0.00457991
34 45 1 0.0047668
34 45 2 0.0044764
34 46 0 0.00457991
34 46 1 0.0047668
34 46 2 0.0044764
34 47 0 0.00457991
34 47 1 0.0047668
34 47 2 0.0044764
35 16 0 0.00457991
35 16 1 0.0047668
35 16 2 0.0044764
35 17 0 0.0045799
35 17 1 0.00476679
35 17 2 0.0044764
35 18 0 0.00457991
35 18 1 0.00476685
35 18 2 0.0044764
35 19 0 0.00457995
35 19 1 0.00476654
35 19 2 0.00447639
35 20 0 0.00457985
35 20 1 0.0047678
35 20 2 0.00447647
35 21 0 0.00457937
35 21 1 0.0047643
35 21 2 0.00447655
35 22 0 0.00457817
35 22 1 0.00476964
35 22 2 0.00447502
35 23 0 0.00457863
35 23 1 0.00476421
35 23 2 0.00447816
35 24 0 0.00457247
35 24 1 0.00473878
35 24 2 0.00445874
35 25 0 0.00459698
35 25 1 0.00472328
35 25 2 0.0044027
35 26 0 0.00472265
35 26 1 0.00471595
35 26 2 0.00428257
35 27 0 0.00497034
35 27 1 0.00447348
35 27 2 0.00443272
35 28 0 0.00554507
35 28 1 0.00488977
35 28 2 0.00473736
35 29 0 0.00758664
35 29 1 0.00703366
35 29 2 0.00493739
35 30 0 0.00843136
35 30 1 0.00597994
35 30 2 0.00713723
35 31 0 0.00861261
35 31 1 0.00602744
35 31 2 0.00705038
35 32 0 0.00773839
35 32 1 0.00397252
35 32 2 0.00842828
35 33 0 0.0055968
35 33 1 0.00533597
35 33 2 0.00427597
35 34 0 0.00502357
35 34 1 0.00458713
35 34 2 0.00427081
35 35 0 0.00473958
35 35 1 0.00461022
35 35 2 0.004492
35 36 0 0.00458814
35 36 1 0.00468891
35 36 2 0.0043832
35 37 0 0.00457709
35 37 1 0.00474931
35 37 2 0.00445099
35 38 0 0.00457858
35 38 1 0.00477016
35 38 2 0.00448156
35 39 0 0.00457831
35 39 1 0.00476307
35 39 2 0.00447368
35 40 0 0.00457941
35 40 1 0.00476742
35 40 2 0.00447687
35 41 0 0.00457977
35 41 1 0.00476675
35 41 2 0.00447635
35 42 0 0.00457996
35 42 1 0.0047668
35 42 2 0.00447641
35 43 0 0.00457991
35 43 1 0.0047668
35 43 2 0.0044764
35 44 0 0.0045799
35 44 1 0.0047668
35 44 2 0.0044764
35 45 0 0.00457991
35 45 1 0.0047668
35 45 2 0.0044764
35 46 0 0.00457991
35 46 1 0.0047668
35 46 2 0.0044764
35 47 0 0.00457991
35 47 1 0.0047668
35 47 2 0.0044764
36 16 0 0.00457991
36 16 1 0.0047668
36 16 2 0.0044764
36 17 0 0.00457992
36 17 1 0.00476678
36 17 2 0.0044764
36 18 0 0.00457986
36 18 1 0.0047669
36 18 2 0.0044764
36 19 0 0.00457992
36 19 1 0.00476624
36 19 2 0.0044764
36 20 0 0.00458023
36 20 1 0.00476903
36 20 2 0.00447635
36 21 0 0.00457918
36 21 1 0.00476063
36 21 2 0.00447697
36 22 0 0.00457824
36 22 1 0.00477526
36 22 2 0.00447482
36 23 0 0.00456809
36 23 1 0.00476036
36 23 2 0.00447302
36 24 0 0.0045938
36 24 1 0.00473815
36 24 2 0.00446559
36 25 0 0.00459698
36 25 1 0.00472328
36 25 2 0.0044027
36 26 0 0.0046393
36 26 1 0.00468682
36 26 2 0.00430359
36 27 0 0.00502239
36 27 1 0.00468067
36 27 2 0.00426592
36 28 0 0.0055312
36 28 1 0.00445708
36 28 2 0.00454698
36 29 0 0.0059655
36 29 1 0.00500332
36 29 2 0.00462317
36 30 0 0.00595157
36 30 1 0.00451157
36 30 2 0.00502545
36 31 0 0.00584752
36 31 1 0.00469925
36 31 2 0.00484498
36 32 0 0.00550683
36 32 1 0.00472956
36 32 2 0.00417188
36 33 0 0.00505116
36 33 1 0.0045368
36 33 2 0.0043947
36 34 0 0.00465092
36 34 1 0.00462353
36 34 2 0.00439996
36 35 0 0.00458426
36 35 1 0.00469017
36 35 2 0.00438624
36 36 0 0.00460247
36 36 1 0.00475085
36 36 2 0.00444943
36 37 0 0.00456831
36 37 1 0.00476488
36 37 2 0.00448655
36 38 0 0.0045781
36 38 1 0.0047642
36 38 2 0.00447059
36 39 0 0.00457912
36 39 1 0.00476763
36 39 2 0.00447714
36 40 0 0.00458006
36 40 1 0.0047666
36 40 2 0.0044764
36 41 0 0.00458002
36 41 1 0.00476683
36 41 2 0.00447638
36 42 0 0.00457985
36 42 1 0.0047668
36 42 2 0.00447641
36 43 0 0.00457991
36 43 1 0.0047668
36 43 2 0.0044764
36 44 0 0.00457991
36 44 1 0.0047668
36 44 2 0.0044764
36 45 0 0.00457991
36 45 1 0.0047668
36 45 2 0.0044764
36 46 0 0.00457991
36 46 1 0.0047668
36 46 2 0.0044764
36 47 0 0.00457991
36 47 1 0.0047668
36 47 2 0.0044764
37 16 0 0.0045799
37 16 1 0.0047668
37 16 2 0.0044764
37 17 0 0.00457994
37 17 1 0.00476678
37 17 2 0.0044764
37 18 0 0.00457987
37 18 1 0.00476695
37 18 2 0.0044764
37 19 0 0.0045796
37 19 1 0.00476596
37 19 2 0.00447641
37 20 0 0.00458074
37 20 1 0.00477011
37 20 2 0.00447639
37 21 0 0.00457919
37 21 1 0.00475834
37 21 2 0.00447645
37 22 0 0.00457953
37 22 1 0.00477766
37 22 2 0.00447664
37 23 0 0.00456809
37 23 1 0.00476036
37 23 2 0.00447302
37 24 0 0.00457247
37 24 1 0.00473878
37 24 2 0.00445874
37 25 0 0.00462057
37 25 1 0.00472995
37 25 2 0.00441827
37 26 0 0.00462839
37 26 1 0.00470975
37 26 2 0.00437509
37 27 0 0.00474633
37 27 1 0.00461321
37 27 2 0.00421443
37 28 0 0.00505705
37 28 1 0.00460596
37 28 2 0.00432981
37 29 0 0.00514943
37 29 1 0.00450292
37 29 2 0.00432817
37 30 0 0.00512592
37 30 1 0.00464025
37 30 2 0.00416064
37 31 0 0.00502412
37 31 1 0.00457814
37 31 2 0.00435997
37 32 0 0.00474441
37 32 1 0.0045484
37 32 2 0.00431522
37 33 0 0.00463073
37 33 1 0.00465393
37 33 2 0.00443012
37 34 0 0.00461508
37 34 1 0.00470298
37 34 2 0.0044087
37 35 0 0.00457528
37 35 1 0.00474676
37 35 2 0.00445645
37 36 0 0.00456835
37 36 1 0.0047679
37 36 2 0.00448261
37 37 0 0.00457935
37 37 1 0.00476518
37 37 2 0.00447029
37 38 0 0.00457879
37 38 1 0.00476694
37 38 2 0.00447759
37 39 0 0.00458069
37 39 1 0.00476676
37 39 2 0.00447629
37 40 0 0.00457981
37 40 1 0.00476681
37 40 2 0.00447639
37 41 0 0.00457979
37 41 1 0.0047668
37 41 2 0.00447641
37 42 0 0.00457995
37 42 1 0.0047668
37 42 2 0.0044764
37 43 0 0.00457991
37 43 1 0.0047668
37 43 2 0.0044764
37 44 0 0.00457991
37 44 1 0.0047668
37 44 2 0.0044764
37 45 0 0.00457991
37 45 1 0.0047668
37 45 2 0.0044764
37 46 0 0.00457991
37 46 1 0.0047668
37 46 2 0.0044764
37 47 0 0.00457991
37 47 1 0.0047668
37 47 2 0.0044764
38 16 0 0.00457989
38 16 1 0.0047668
38 16 2 0.0044764
38 17 0 0.00457996
38 17 1 0.00476677
38 17 2 0.0044764
38 18 0 0.00457996
38 18 1 0.004767
38 18 2 0.0044764
38 19 0 0.0045793
38 19 1 0.00476576
38 19 2 0.00447639
38 20 0 0.00458087
38 20 1 0.00477054
38 20 2 0.0044765
38 21 0 0.00457919
38 21 1 0.00475834
38 21 2 0.00447645
38 22 0 0.00457824
38 22 1 0.00477526
38 22 2 0.00447482
38 23 0 0.00457863
38 23 1 0.00476421
38 23 2 0.00447816
38 24 0 0.00456841
38 24 1 0.00474089
38 24 2 0.004465
38 25 0 0.00457083
38 25 1 0.00473436
38 25 2 0.00443054
38 26 0 0.00463909
38 26 1 0.00473869
38 26 2 0.00439782
38 27 0 0.00467271
38 27 1 0.00469167
38 27 2 0.00439247
38 28 0 0.00470731
38 28 1 0.00467194
38 28 2 0.00436415
38 29 0 0.00475303
38 29 1 0.00461359
38 29 2 0.00444292
38 30 0 0.00467993
38 30 1 0.00458522
38 30 2 0.00441471
38 31 0 0.00466044
38 31 1 0.00464441
38 31 2 0.00443262
38 32 0 0.00463695
38 32 1 0.004678
38 32 2 0.00444249
38 33 0 0.00456966
38 33 1 0.00472395
38 33 2 0.00442315
38 34 0 0.004568
38 34 1 0.00476028
38 34 2 0.00445806
38 35 0 0.00457925
38 35 1 0.00476841
38 35 2 0.00448058
38 36 0 0.00457801
38 36 1 0.00476434
38 36 2 0.00447225
38 37 0 0.00457877
38 37 1 0.00476723
38 37 2 0.00447707
38 38 0 0.00458093
38 38 1 0.00476684
38 38 2 0.00447628
38 39 0 0.00457958
38 39 1 0.00476678
38 39 2 0.00447642
38 40 0 0.00457979
38 40 1 0.00476681
38 40 2 0.00447641
38 41 0 0.00457999
38 41 1 0.0047668
38 41 2 0.00447639
38 42 0 0.00457989
38 42 1 0.0047668
38 42 2 0.0044764
38 43 0 0.00457991
38 43 1 0.0047668
38 43 2 0.0044764
38 44 0 0.00457991
38 44 1 0.0047668
38 44 2 0.0044764
38 45 0 0.00457991
38 45 1 0.0047668
38 45 2 0.0044764
38 46 0 0.00457991
38 46 1 0.0047668
38 46 2 0.0044764
38 47 0 0.00457991
38 47 1 0.0047668
38 47 2 0.0044764
39 16 0 0.00457988
39 16 1 0.0047668
39 16 2 0.0044764
39 17 0 0.00457996
39 17 1 0.00476676
39 17 2 0.0044764
39 18 0 0.00458002
39 18 1 0.00476702
39 18 2 0.00447641
39 19 0 0.0045793
39 19 1 0.00476576
39 19 2 0.00447639
39 20 0 0.00458074
39 20 1 0.00477011
39 20 2 0.00447639
39 21 0 0.00457918
39 21 1 0.00476063
39 21 2 0.00447697
39 22 0 0.00457817
39 22 1 0.00476964
39 22 2 0.00447502
39 23 0 0.00457629
39 23 1 0.00477446
39 23 2 0.00447438
39 24 0 0.00457965
39 24 1 0.00474923
39 24 2 0.00447842
39 25 0 0.00457274
39 25 1 0.00473289
39 25 2 0.00445173
39 26 0 0.00457704
39 26 1 0.00472642
39 26 2 0.00442185
39 27 0 0.00460717
39 27 1 0.0047051
39 27 2 0.00441271
39 28 0 0.00460079
39 28 1 0.00470114
39 28 2 0.00439301
39 29 0 0.00460065
39 29 1 0.00469748
39 29 2 0.00439698
39 30 0 0.00460325
39 30 1 0.00471862
39 30 2 0.00440712
39 31 0 0.00457483
39 31 1 0.00472699
39 31 2 0.00442428
39 32 0 0.00457099
39 32 1 0.00475564
39 32 2 0.00443737
39 33 0 0.00457895
39 33 1 0.00476858
39 33 2 0.00447049
39 34 0 0.00457646
39 34 1 0.00476487
39 34 2 0.00448016
39 35 0 0.00457799
39 35 1 0.0047666
39 35 2 0.00447223
39 36 0 0.00457917
39 36 1 0.00476723
39 36 2 0.00447696
39 37 0 0.00458061
39 37 1 0.00476678
39 37 2 0.00447641
39 38 0 0.00457963
39 38 1 0.00476679
39 38 2 0.00447639
39 39 0 0.00457978
39 39 1 0.00476681
39 39 2 0.00447642
39 40 0 0.00458002
39 40 1 0.00476679
39 40 2 0.00447639
39 41 0 0.00457988
39 41 1 0.0047668
39 41 2 0.0044764
39 42 0 0.00457991
39 42 1 0.0047668
39 42 2 0.0044764
39 43 0 0.00457991
39 43 1 0.0047668
39 43 2 0.0044764
39 44 0 0.00457991
39 44 1 0.0047668
39 44 2 0.0044764
39 45 0 0.00457991
39 45 1 0.0047668
39 45 2 0.0044764
39 46 0 0.00457991
39 46 1 0.0047668
39 46 2 0.0044764
39 47 0 0.00457991
39 47 1 0.0047668
39 47 2 0.0044764
40 16 0 0.00457988
40 16 1 0.0047668
40 16 2 0.0044764
40 17 0 0.00457996
40 17 1 0.00476676
40 17 2 0.0044764
40 18 0 0.00457996
40 18 1 0.004767
40 18 2 0.0044764
40 19 0 0.0045796
40 19 1 0.00476596
40 19 2 0.00447641
40 20 0 0.00458023
40 20 1 0.00476903
40 20 2 0.00447635
40 21 0 0.00457937
40 21 1 0.0047643
40 21 2 0.00447655
40 22 0 0.00457972
40 22 1 0.00476446
40 22 2 0.00447688
40 23 0 0.00457635
40 23 1 0.004773
40 23 2 0.00447373
40 24 0 0.00457453
40 24 1 0.00476854
40 24 2 0.00447503
40 25 0 0.00458085
40 25 1 0.00475644
40 25 2 0.00447559
40 26 0 0.00457686
40 26 1 0.00475907
40 26 2 0.0044555
40 27 0 0.0045859
40 27 1 0.00474694
40 27 2 0.00445507
40 28 0 0.00460247
40 28 1 0.00475666
40 28 2 0.00444376
40 29 0 0.00458286
40 29 1 0.00475411
40 29 2 0.00444921
40 30 0 0.00457397
40 30 1 0.00475936
40 30 2 0.00445728
40 31 0 0.00457998
40 31 1 0.00477047
40 31 2 0.00446757
40 32 0 0.00457435
40 32 1 0.0047647
40 32 2 0.00447959
40 33 0 0.00457641
40 33 1 0.00476735
40 33 2 0.00447547
40 34 0 0.00457945
40 34 1 0.00476755
40 34 2 0.00447413
40 35 0 0.00457967
40 35 1 0.00476664
40 35 2 0.00447719
40 36 0 0.00457992
40 36 1 0.00476685
40 36 2 0.00447635
40 37 0 0.00457991
40 37 1 0.00476679
40 37 2 0.00447637
40 38 0 0.00457976
40 38 1 0.0047668
40 38 2 0.00447643
40 39 0 0.00458002
40 39 1 0.0047668
40 39 2 0.00447639
40 40 0 0.00457987
40 40 1 0.0047668
40 40 2 0.0044764
40 41 0 0.00457991
40 41 1 0.0047668
40 41 2 0.0044764
40 42 0 0.00457991
40 42 1 0.0047668
40 42 2 0.0044764
40 43 0 0.00457991
40 43 1 0.0047668
40 43 2 0.0044764
40 44 0 0.00457991
40 44 1 0.0047668
40 44 2 0.0044764
40 45 0 0.00457991
40 45 1 0.0047668
40 45 2 0.0044764
40 46 0 0.00457991
40 46 1 0.0047668
40 46 2 0.0044764
40 47 0 0.00457991
40 47 1 0.0047668
40 47 2 0.0044764
41 16 0 0.00457988
41 16 1 0.0047668
41 16 2 0.0044764
41 17 0 0.00457996
41 17 1 0.00476677
41 17 2 0.0044764
41 18 0 0.00457987
41 18 1 0.00476695
41 18 2 0.0044764
41 19 0 0.00457992
41 19 1 0.00476624
41 19 2 0.0044764
41 20 0 0.00457985
41 20 1 0.0047678
41 20 2 0.00447647
41 21 0 0.00457962
41 21 1 0.00476651
41 21 2 0.00447632
41 22 0 0.00457926
41 22 1 0.00476468
41 22 2 0.00447648
41 23 0 0.00457949
41 23 1 0.00476675
41 23 2 0.00447677
41 24 0 0.00457614
41 24 1 0.00477084
41 24 2 0.00447446
41 25 0 0.0045756
41 25 1 0.00476972
41 25 2 0.00447781
41 26 0 0.0045789
41 26 1 0.00477066
41 26 2 0.00447967
41 27 0 0.0045711
41 27 1 0.00477104
41 27 2 0.00447844
41 28 0 0.00457123
41 28 1 0.00476446
41 28 2 0.00448491
41 29 0 0.00457867
41 29 1 0.0047693
41 29 2 0.00447935
41 30 0 0.00457539
41 30 1 0.00476633
41 30 2 0.00448007
41 31 0 0.00457632
41 31 1 0.0047664
41 31 2 0.00447698
41 32 0 0.00457933
41 32 1 0.00476817
41 32 2 0.00447466
41 33 0 0.00457938
41 33 1 0.00476662
41 33 2 0.00447609
41 34 0 0.00457972
41 34 1 0.00476675
41 34 2 0.00447665
41 35 0 0.00457972
41 35 1 0.0047669
41 35 2 0.00447633
41 36 0 0.00458006
41 36 1 0.00476677
41 36 2 0.00447639
41 37 0 0.00457978
41 37 1 0.0047668
41 37 2 0.00447642
41 38 0 0.00457999
41 38 1 0.0047668
41 38 2 0.00447639
41 39 0 0.00457988
41 39 1 0.0047668
41 39 2 0.0044764
41 40 0 0.00457991
41 40 1 0.0047668
41 40 2 0.0044764
41 41 0 0.00457991
41 41 1 0.0047668
41 41 2 0.0044764
41 42 0 0.00457991
41 42 1 0.0047668
41 42 2 0.0044764
41 43 0 0.00457991
41 43 1 0.0047668
41 43 2 0.0044764
41 44 0 0.00457991
41 44 1 0.0047668
41 44 2 0.0044764
41 45 0 0.00457991
41 45 1 0.0047668
41 45 2 0.0044764
41 46 0 0.00457991
41 46 1 0.0047668
41 46 2 0.0044764
41 47 0 0.00457991
41 47 1 0.0047668
41 47 2 0.0044764
42 16 0 0.00457989
42 16 1 0.0047668
42 16 2 0.0044764
42 17 0 0.00457994
42 17 1 0.00476678
42 17 2 0.0044764
42 18 0 0.00457986
42 18 1 0.0047669
42 18 2 0.0044764
42 19 0 0.00457995
42 19 1 0.00476654
42 19 2 0.00447639
42 20 0 0.00457989
42 20 1 0.00476708
42 20 2 0.00447642
42 21 0 0.00457984
42 21 1 0.00476695
42 21 2 0.00447655
42 22 0 0.0045795
42 22 1 0.00476619
42 22 2 0.0044762
42 23 0 0.00457917
42 23 1 0.00476557
42 23 2 0.00447647
42 24 0 0.00457938
42 24 1 0.00476491
42 24 2 0.0044759
42 25 0 0.00457745
42 25 1 0.00476558
42 25 2 0.00447348
42 26 0 0.00457618
42 26 1 0.00476412
42 26 2 0.00447435
42 27 0 0.00457708
42 27 1 0.00476681
42 27 2 0.00447217
42 28 0 0.00457633
42 28 1 0.00476698
42 28 2 0.00447248
42 29 0 0.00457754
42 29 1 0.00476646
42 29 2 0.00447382
42 30 0 0.00457931
42 30 1 0.0047679
42 30 2 0.00447407
42 31 0 0.00457932
42 31 1 0.00476697
42 31 2 0.00447582
42 32 0 0.0045796
42 32 1 0.00476675
42 32 2 0.00447623
42 33 0 0.00457974
42 33 1 0.00476694
42 33 2 0.00447641
42 34 0 0.00457994
42 34 1 0.00476682
42 34 2 0.00447641
42 35 0 0.00457993
42 35 1 0.00476678
42 35 2 0.0044764
42 36 0 0.00457986
42 36 1 0.00476681
42 36 2 0.00447641
42 37 0 0.00457994
42 37 1 0.0047668
42 37 2 0.0044764
42 38 0 0.0045799
42 38 1 0.0047668
42 38 2 0.0044764
42 39 0 0.00457991
42 39 1 0.0047668
42 39 2 0.0044764
42 40 0 0.00457991
42 40 1 0.0047668
42 40 2 0.0044764
42 41 0 0.00457991
42 41 1 0.0047668
42 41 2 0.0044764
42 42 0 0.00457991
42 42 1 0.0047668
42 42 2 0.0044764
42 43 0 0.00457991
42 43 1 0.0047668
42 43 2 0.0044764
42 44 0 0.00457991
42 44 1 0.0047668
42 44 2 0.0044764
42 45 0 0.00457991
42 45 1 0.0047668
42 45 2 0.0044764
42 46 0 0.00457991
42 46 1 0.0047668
42 46 2 0.0044764
42 47 0 0.00457991
42 47 1 0.0047668
42 47 2 0.0044764
43 16 0 0.0045799
43 16 1 0.0047668
43 16 2 0.0044764
43 17 0 0.00457992
43 17 1 0.00476678
43 17 2 0.0044764
43 18 0 0.00457991
43 18 1 0.00476685
43 18 2 0.0044764
43 19 0 0.00457988
43 19 1 0.00476671
43 19 2 0.00447641
43 20 0 0.00457992
43 20 1 0.00476687
43 20 2 0.00447637
43 21 0 0.00457982
43 21 1 0.00476701
43 21 2 0.00447648
43 22 0 0.00457981
43 22 1 0.00476685
43 22 2 0.00447655
43 23 0 0.00457975
43 23 1 0.00476725
43 23 2 0.00447626
43 24 0 0.00457967
43 24 1 0.00476712
43 24 2 0.00447675
43 25 0 0.00457972
43 25 1 0.00476733
43 25 2 0.00447656
43 26 0 0.0045796
43 26 1 0.00476721
43 26 2 0.00447627
43 27 0 0.00457946
43 27 1 0.0047668
43 27 2 0.00447668
43 28 0 0.00457962
43 28 1 0.0047672
43 28 2 0.00447636
43 29 0 0.00457975
43 29 1 0.00476704
43 29 2 0.00447665
43 30 0 0.00457977
43 30 1 0.00476676
43 30 2 0.00447659
43 31 0 0.00457972
43 31 1 0.00476696
43 31 2 0.00447639
43 32 0 0.00457988
43 32 1 0.00476684
43 32 2 0.00447649
43 33 0 0.00457993
43 33 1 0.00476679
43 33 2 0.00447641
43 34 0 0.00457987
43 34 1 0.0047668
43 34 2 0.0044764
43 35 0 0.00457993
43 35 1 0.0047668
43 35 2 0.0044764
43 36 0 0.00457991
43 36 1 0.0047668
43 36 2 0.0044764
43 37 0 0.00457991
43 37 1 0.0047668
43 37 2 0.0044764
43 38 0 0.00457991
43 38 1 0.0047668
43 38 2 0.0044764
43 39 0 0.00457991
43 39 1 0.0047668
43 39 2 0.0044764
43 40 0 0.00457991
43 40 1 0.0047668
43 40 2 0.0044764
43 41 0 0.00457991
43 41 1 0.0047668
43 41 2 0.0044764
43 42 0 0.00457991
43 42 1 0.0047668
43 42 2 0.0044764
43 43 0 0.00457991
43 43 1 0.0047668
43 43 2 0.0044764
43 44 0 0.00457991
43 44 1 0.0047668
43 44 2 0.0044764
43 45 0 0.00457991
43 45 1 0.0047668
43 45 2 0.0044764
43 46 0 0.00457991
43 46 1 0.0047668
43 46 2 0.0044764
43 47 0 0.00457991
43 47 1 0.0047668
43 47 2 0.0044764
44 16 0 0.00457991
44 16 1 0.0047668
44 16 2 0.0044764
44 17 0 0.0045799
44 17 1 0.00476679
44 17 2 0.0044764
44 18 0 0.00457992
44 18 1 0.00476682
44 18 2 0.0044764
44 19 0 0.0045799
44 19 1 0.00476677
44 19 2 0.00447641
44 20 0 0.0045799
44 20 1 0.00476678
44 20 2 0.00447641
44 21 0 0.00457991
44 21 1 0.00476687
44 21 2 0.00447638
44 22 0 0.00457981
44 22 1 0.00476673
44 22 2 0.0044765
44 23 0 0.00457964
44 23 1 0.00476678
44 23 2 0.00447646
44 24 0 0.00457979
44 24 1 0.00476686
44 24 2 0.00447648
44 25 0 0.00458025
44 25 1 0.00476687
44 25 2 0.00447667
44 26 0 0.00458047
44 26 1 0.00476696
44 26 2 0.00447664
44 27 0 0.00458022
44 27 1 0.00476697
44 27 2 0.00447663
44 28 0 0.00457971
44 28 1 0.00476681
44 28 2 0.00447664
44 29 0 0.00457964
44 29 1 0.00476688
44 29 2 0.00447643
44 30 0 0.00457989
44 30 1 0.00476684
44 30 2 0.00447644
44 31 0 0.00457993
44 31 1 0.00476678
44 31 2 0.00447643
44 32 0 0.00457988
44 32 1 0.00476681
44 32 2 0.0044764
44 33 0 0.00457991
44 33 1 0.0047668
44 33 2 0.0044764
44 34 0 0.00457992
44 34 1 0.0047668
44 34 2 0.0044764
44 35 0 0.0045799
44 35 1 0.0047668
44 35 2 0.0044764
44 36 0 0.00457991
44 36 1 0.0047668
44 36 2 0.0044764
44 37 0 0.00457991
44 37 1 0.0047668
44 37 2 0.0044764
44 38 0 0.00457991
44 38 1 0.0047668
44 38 2 0.0044764
44 39 0 0.00457991
44 39 1 0.0047668
44 39 2 0.0044764
44 40 0 0.00457991
44 40 1 0.0047668
44 40 2 0.0044764
44 41 0 0.00457991
44 41 1 0.0047668
44 41 2 0.0044764
44 42 0 0.00457991
44 42 1 0.0047668
44 42 2 0.0044764
44 43 0 0.00457991
44 43 1 0.0047668
44 43 2 0.0044764
44 44 0 0.00457991
44 44 1 0.0047668
44 44 2 0.0044764
44 45 0 0.00457991
44 45 1 0.0047668
44 45 2 0.0044764
44 46 0 0.00457991
44 46 1 0.0047668
44 46 2 0.0044764
44 47 0 0.00457991
44 47 1 0.0047668
44 47 2 0.0044764
45 16 0 0.00457991
45 16 1 0.0047668
45 16 2 0.0044764
45 17 0 0.00457991
45 17 1 0.0047668
45 17 2 0.0044764
45 18 0 0.00457991
45 18 1 0.0047668
45 18 2 0.0044764
45 19 0 0.00457992
45 19 1 0.0047668
45 19 2 0.0044764
45 20 0 0.0045799
45 20 1 0.00476678
45 20 2 0.00447641
45 21 0 0.00457989
45 21 1 0.00476682
45 21 2 0.00447639
45 22 0 0.00457997
45 22 1 0.00476681
45 22 2 0.00447638
45 23 0 0.00458006
45 23 1 0.00476677
45 23 2 0.00447638
45 24 0 0.00457992
45 24 1 0.00476677
45 24 2 0.00447632
45 25 0 0.00457972
45 25 1 0.00476675
45 25 2 0.0044763
45 26 0 0.00457976
45 26 1 0.00476675
45 26 2 0.0044763
45 27 0 0.00457999
45 27 1 0.00476677
45 27 2 0.0044763
45 28 0 0.00458008
45 28 1 0.0047668
45 28 2 0.00447633
45 29 0 0.00457994
45 29 1 0.00476679
45 29 2 0.00447639
45 30 0 0.00457987
45 30 1 0.0047668
45 30 2 0.00447639
45 31 0 0.00457991
45 31 1 0.0047668
45 31 2 0.0044764
45 32 0 0.00457992
45 32 1 0.0047668
45 32 2 0.0044764
45 33 0 0.0045799
45 33 1 0.0047668
45 33 2 0.0044764
45 34 0 0.00457991
45 34 1 0.0047668
45 34 2 0.0044764
45 35 0 0.00457991
45 35 1 0.0047668
45 35 2 0.0044764
45 36 0 0.00457991
45 36 1 0.0047668
45 36 2 0.0044764
45 37 0 0.00457991
45 37 1 0.0047668
45 37 2 0.0044764
45 38 0 0.00457991
45 38 1 0.0047668
45 38 2 0.0044764
45 39 0 0.00457991
45 39 1 0.0047668
45 39 2 0.0044764
45 40 0 0.00457991
45 40 1 0.0047668
45 40 2 0.0044764
45 41 0 0.00457991
45 41 1 0.0047668
45 41 2 0.0044764
45 42 0 0.00457991
45 42 1 0.0047668
45 42 2 0.0044764
45 43 0 0.00457991
45 43 1 0.0047668
45 43 2 0.0044764
45 44 0 0.00457991
45 44 1 0.0047668
45 44 2 0.0044764
45 45 0 0.00457991
45 45 1 0.0047668
45 45 2 0.0044764
45 46 0 0.00457991
45 46 1 0.0047668
45 46 2 0.0044764
45 47 0 0.00457991
45 47 1 0.0047668
45 47 2 0.0044764
46 16 0 0.00457991
46 16 1 0.0047668
46 16 2 0.0044764
46 17 0 0.00457991
46 17 1 0.0047668
46 17 2 0.0044764
46 18 0 0.00457991
46 18 1 0.0047668
46 18 2 0.0044764
46 19 0 0.00457991
46 19 1 0.0047668
46 19 2 0.0044764
46 20 0 0.00457992
46 20 1 0.00476679
46 20 2 0.0044764
46 21 0 0.00457991
46 21 1 0.0047668
46 21 2 0.00447641
46 22 0 0.00457984
46 22 1 0.00476681
46 22 2 0.00447641
46 23 0 0.00457978
46 23 1 0.00476681
46 23 2 0.00447643
46 24 0 0.00457976
46 24 1 0.00476682
46 24 2 0.00447644
46 25 0 0.00457976
46 25 1 0.00476682
46 25 2 0.00447645
46 26 0 0.00457974
46 26 1 0.00476682
46 26 2 0.00447644
46 27 0 0.00457977
46 27 1 0.00476681
46 27 2 0.00447642
46 28 0 0.00457986
46 28 1 0.0047668
46 28 2 0.00447641
46 29 0 0.00457992
46 29 1 0.0047668
46 29 2 0.0044764
46 30 0 0.00457992
46 30 1 0.0047668
46 30 2 0.0044764
46 31 0 0.0045799
46 31 1 0.0047668
46 31 2 0.0044764
46 32 0 0.00457991
46 32 1 0.0047668
46 32 2 0.0044764
46 33 0 0.00457991
46 33 1 0.0047668
46 33 2 0.0044764
46 34 0 0.00457991
46 34 1 0.0047668
46 34 2 0.0044764
46 35 0 0.00457991
46 35 1 0.0047668
46 35 2 0.0044764
46 36 0 0.00457991
46 36 1 0.0047668
46 36 2 0.0044764
46 37 0 0.00457991
46 37 1 0.0047668
46 37 2 0.0044764
46 38 0 0.00457991
46 38 1 0.0047668
46 38 2 0.0044764
46 39 0 0.00457991
46 39 1 0.0047668
46 39 2 0.0044764
46 40 0 0.00457991
46 40 1 0.0047668
46 40 2 0.0044764
46 41 0 0.00457991
46 41 1 0.0047668
46 41 2 0.0044764
46 42 0 0.00457991
46 42 1 0.0047668
46 42 2 0.0044764
46 43 0 0.00457991
46 43 1 0.0047668
46 43 2 0.0044764
46 44 0 0.00457991
46 44 1 0.0047668
46 44 2 0.0044764
46 45 0 0.00457991
46 45 1 0.0047668
46 45 2 0.0044764
46 46 0 0.00457991
46 46 1 0.0047668
46 46 2 0.0044764
46 47 0 0.00457991
46 47 1 0.0047668
46 47 2 0.0044764
47 16 0 0.00457991
47 16 1 0.0047668
47 16 2 0.0044764
47 17 0 0.00457991
47 17 1 0.0047668
47 17 2 0.0044764
47 18 0 0.00457991
47 18 1 0.0047668
47 18 2 0.0044764
47 19 0 0.00457991
47 19 1 0.0047668
47 19 2 0.0044764
47 20 0 0.0045799
47 20 1 0.0047668
47 20 2 0.0044764
47 21 0 0.00457991
47 21 1 0.0047668
47 21 2 0.0044764
47 22 0 0.00457995
47 22 1 0.0047668
47 22 2 0.0044764
47 23 0 0.00457999
47 23 1 0.0047668
47 23 2 0.00447639
47 24 0 0.00458002
47 24 1 0.0047668
47 24 2 0.00447639
47 25 0 0.00458002
47 25 1 0.0047668
47 25 2 0.00447639
47 26 0 0.00457999
47 26 1 0.0047668
47 26 2 0.0044764
47 27 0 0.00457994
47 27 1 0.0047668
47 27 2 0.0044764
47 28 0 0.00457991
47 28 1 0.0047668
47 28 2 0.0044764
47 29 0 0.0045799
47 29 1 0.0047668
47 29 2 0.0044764
47 30 0 0.00457991
47 30 1 0.0047668
47 30 2 0.0044764
47 31 0 0.00457991
47 31 1 0.0047668
47 31 2 0.0044764
47 32 0 0.00457991
47 32 1 0.0047668
47 32 2 0.0044764
47 33 0 0.00457991
47 33 1 0.0047668
47 33 2 0.0044764
47 34 0 0.00457991
47 34 1 0.0047668
47 34 2 0.0044764
47 35 0 0.00457991
47 35 1 0.0047668
47 35 2 0.0044764
47 36 0 0.00457991
47 36 1 0.0047668
47 36 2 0.0044764
47 37 0 0.00457991
47 37 1 0.0047668
47 37 2 0.0044764
47 38 0 0.00457991
47 38 1 0.0047668
47 38 2 0.0044764
47 39 0 0.00457991
47 39 1 0.0047668
47 39 2 0.0044764
47 40 0 0.00457991
47 40 1 0.0047668
47 40 2 0.0044764
47 41 0 0.00457991
47 41 1 0.0047668
47 41 2 0.0044764
47 42 0 0.00457991
47 42 1 0.0047668
47 42 2 0.0044764
47 43 0 0.00457991
47 43 1 0.0047668
47 43 2 0.0044764
47 44 0 0.00457991
47 44 1 0.0047668
47 44 2 0.0044764
47 45 0 0.00457991
47 45 1 0.0047668
47 45 2 0.0044764
47 46 0 0.00457991
47 46 1 0.0047668
47 46 2 0.0044764
47 47 0 0.00457991
47 47 1 0.0047668
47 47 2 0.0044764
