-3.06 0 1.88819e-19
-3.05387 0 2.30928e-16
-3.04775 0 2.82428e-13
-3.04162 0 3.45413e-10
-3.0355 0 4.22212e-07
-3.02937 0 0.000331779
-3.02324 0 0.00409431
-3.01712 0 0.0123059
-3.01099 0 0.0320831
-3.00486 0 0.0886324
-2.99874 0 0.24349
-2.99261 0 0.529235
-2.98649 0 0.90143
-2.98036 0 1.2945
-2.97423 0 1.65232
-2.96811 0 2.00022
-2.96198 0 2.38267
-2.95586 0 2.80326
-2.94973 0 3.21809
-2.9436 0 3.60456
-2.93748 0 3.98538
-2.93135 0 4.36463
-2.92523 0 4.72618
-2.9191 0 5.0596
-2.91297 0 5.47532
-2.90685 0 5.94276
-2.90072 0 6.38402
-2.89459 0 6.70184
-2.88847 0 6.98309
-2.88234 0 7.28564
-2.87622 0 7.7944
-2.87009 0 8.27573
-2.86396 0 8.59558
-2.85784 0 8.85394
-2.85171 0 9.20359
-2.84559 0 9.58558
-2.83946 0 10.0491
-2.83333 0 10.4799
-2.82721 0 10.8138
-2.82108 0 11.1191
-2.81495 0 11.3637
-2.80883 0 11.7827
-2.8027 0 12.4086
-2.79658 0 12.9169
-2.79045 0 13.1598
-2.78432 0 13.1354
-2.7782 0 13.4147
-2.77207 0 14.0153
-2.76595 0 14.6267
-2.75982 0 15.0008
-2.75369 0 15.1706
-2.74757 0 15.5673
-2.74144 0 16.1528
-2.73532 0 16.4575
-2.72919 0 16.7657
-2.72306 0 16.9399
-2.71694 0 17.2418
-2.71081 0 17.7177
-2.70468 0 18.1375
-2.69856 0 18.6339
-2.69243 0 18.8443
-2.68631 0 19.0951
-2.68018 0 19.7019
-2.67405 0 20.2706
-2.66793 0 20.3553
-2.6618 0 20.416
-2.65568 0 21.4074
-2.64955 0 22.5693
-2.64342 0 23.0473
-2.6373 0 22.712
-2.63117 0 22.5282
-2.62505 0 22.8716
-2.61892 0 23.2431
-2.61279 0 23.6653
-2.60667 0 24.0222
-2.60054 0 24.5505
-2.59441 0 25.2776
-2.58829 0 25.7324
-2.58216 0 25.9146
-2.57604 0 26.1003
-2.56991 0 26.4959
-2.56378 0 26.9036
-2.55766 0 26.9773
-2.55153 0 27.0296
-2.54541 0 27.4669
-2.53928 0 27.6488
-2.53315 0 28.1477
-2.52703 0 28.7924
-2.5209 0 29.1355
-2.51477 0 29.3923
-2.50865 0 29.6336
-2.50252 0 30.3554
-2.4964 0 31.0479
-2.49027 0 31.749
-2.48414 0 31.6274
-2.47802 0 31.1553
-2.47189 0 31.1791
-2.46577 0 31.7032
-2.45964 0 32.3396
-2.45351 0 32.9234
-2.44739 0 33.5263
-2.44126 0 34.0324
-2.43514 0 33.9497
-2.42901 0 34.144
-2.42288 0 34.2263
-2.41676 0 34.6609
-2.41063 0 35.6315
-2.4045 0 36.6877
-2.39838 0 37.2594
-2.39225 0 37.418
-2.38613 0 37.2054
-2.38 0 37.5088
-2.37387 0 38.3372
-2.36775 0 38.5379
-2.36162 0 38.6472
-2.3555 0 39.1418
-2.34937 0 39.3687
-2.34324 0 39.9325
-2.33712 0 40.1711
-2.33099 0 40.3001
-2.32486 0 40.6887
-2.31874 0 40.5991
-2.31261 0 40.2258
-2.30649 0 40.3482
-2.30036 0 40.7704
-2.29423 0 41.304
-2.28811 0 41.9327
-2.28198 0 41.7814
-2.27586 0 41.9603
-2.26973 0 42.2495
-2.2636 0 42.3566
-2.25748 0 43.0912
-2.25135 0 43.6233
-2.24523 0 43.6235
-2.2391 0 43.146
-2.23297 0 43.3516
-2.22685 0 43.6516
-2.22072 0 44.0569
-2.21459 0 44.7778
-2.20847 0 45.3736
-2.20234 0 46.5215
-2.19622 0 47.5207
-2.19009 0 47.3268
-2.18396 0 46.746
-2.17784 0 47.4661
-2.17171 0 48.4701
-2.16559 0 48.9383
-2.15946 0 48.8517
-2.15333 0 48.1433
-2.14721 0 48.4793
-2.14108 0 49.5486
-2.13495 0 49.7054
-2.12883 0 49.3198
-2.1227 0 49.2169
-2.11658 0 49.9611
-2.11045 0 51.094
-2.10432 0 51.9061
-2.0982 0 52.3332
-2.09207 0 52.5445
-2.08595 0 52.9848
-2.07982 0 53.1872
-2.07369 0 53.7227
-2.06757 0 53.2693
-2.06144 0 52.5122
-2.05532 0 52.4518
-2.04919 0 52.9779
-2.04306 0 53.6044
-2.03694 0 54.0261
-2.03081 0 54.764
-2.02468 0 55.6524
-2.01856 0 56.5021
-2.01243 0 56.8481
-2.00631 0 56.8361
-2.00018 0 56.3083
-1.99405 0 56.967
-1.98793 0 57.9058
-1.9818 0 58.1208
-1.97568 0 57.8701
-1.96955 0 56.9443
-1.96342 0 56.5347
-1.9573 0 57.3083
-1.95117 0 58.9125
-1.94504 0 60.2706
-1.93892 0 60.608
-1.93279 0 60.1229
-1.92667 0 60.3617
-1.92054 0 61.01
-1.91441 0 60.5787
-1.90829 0 60.2667
-1.90216 0 60.5456
-1.89604 0 60.5931
-1.88991 0 61.1826
-1.88378 0 62.3723
-1.87766 0 62.8567
-1.87153 0 63.2308
-1.86541 0 64.1783
-1.85928 0 64.501
-1.85315 0 64.0325
-1.84703 0 63.4731
-1.8409 0 63.7351
-1.83477 0 63.9811
-1.82865 0 64.8322
-1.82252 0 65.3506
-1.8164 0 65.1301
-1.81027 0 64.2653
-1.80414 0 64.4746
-1.79802 0 65.9938
-1.79189 0 66.7866
-1.78577 0 66.2509
-1.77964 0 66.389
-1.77351 0 66.5668
-1.76739 0 65.6527
-1.76126 0 65.2415
-1.75514 0 66.4804
-1.74901 0 67.9293
-1.74288 0 68.61
-1.73676 0 69.5012
-1.73063 0 69.4039
-1.7245 0 69.1125
-1.71838 0 69.2702
-1.71225 0 68.8865
-1.70613 0 67.6629
-1.7 0 67.3776
-1.69387 0 68.4512
-1.68775 0 69.0125
-1.68162 0 68.8489
-1.6755 0 69.3946
-1.66937 0 70.1283
-1.66324 0 69.9544
-1.65712 0 70.1888
-1.65099 0 70.6269
-1.64486 0 70.8297
-1.63874 0 70.1677
-1.63261 0 70.2602
-1.62649 0 72.3775
-1.62036 0 73.0761
-1.61423 0 71.4928
-1.60811 0 70.7223
-1.60198 0 72.6482
-1.59586 0 75.113
-1.58973 0 75.4381
-1.5836 0 74.5103
-1.57748 0 74.531
-1.57135 0 74.8773
-1.56523 0 73.7165
-1.5591 0 72.6271
-1.55297 0 72.6298
-1.54685 0 72.8283
-1.54072 0 73.4331
-1.53459 0 74.7495
-1.52847 0 75.2933
-1.52234 0 74.963
-1.51622 0 74.6632
-1.51009 0 75.3365
-1.50396 0 76.1862
-1.49784 0 76.7872
-1.49171 0 76.5671
-1.48559 0 77.3196
-1.47946 0 78.6863
-1.47333 0 78.9431
-1.46721 0 78.9513
-1.46108 0 78.9208
-1.45495 0 79.2296
-1.44883 0 78.9731
-1.4427 0 78.4318
-1.43658 0 78.825
-1.43045 0 80.438
-1.42432 0 80.3608
-1.4182 0 78.4357
-1.41207 0 77.8462
-1.40595 0 79.3487
-1.39982 0 80.6281
-1.39369 0 80.5149
-1.38757 0 80.0153
-1.38144 0 79.6896
-1.37532 0 80.6741
-1.36919 0 80.9524
-1.36306 0 80.8784
-1.35694 0 80.4807
-1.35081 0 80.0288
-1.34468 0 81.7639
-1.33856 0 83.6087
-1.33243 0 84.2372
-1.32631 0 83.5754
-1.32018 0 81.9434
-1.31405 0 80.9374
-1.30793 0 82.1626
-1.3018 0 83.3021
-1.29568 0 83.4244
-1.28955 0 83.4743
-1.28342 0 82.9376
-1.2773 0 81.6507
-1.27117 0 81.3795
-1.26505 0 81.3804
-1.25892 0 79.7166
-1.25279 0 78.6908
-1.24667 0 79.4509
-1.24054 0 79.994
-1.23441 0 79.8656
-1.22829 0 80.6577
-1.22216 0 80.9806
-1.21604 0 80.861
-1.20991 0 81.9312
-1.20378 0 82.426
-1.19766 0 81.5277
-1.19153 0 80.5627
-1.18541 0 80.1359
-1.17928 0 80.6696
-1.17315 0 81.2995
-1.16703 0 80.379
-1.1609 0 79.0015
-1.15477 0 78.7174
-1.14865 0 79.4039
-1.14252 0 80.2122
-1.1364 0 79.9918
-1.13027 0 79.8674
-1.12414 0 80.7009
-1.11802 0 80.8078
-1.11189 0 79.5785
-1.10577 0 79.0527
-1.09964 0 79.3346
-1.09351 0 79.1524
-1.08739 0 78.2552
-1.08126 0 77.6275
-1.07514 0 78.331
-1.06901 0 78.6636
-1.06288 0 77.8542
-1.05676 0 76.3313
-1.05063 0 75.4146
-1.0445 0 74.5598
-1.03838 0 74.5445
-1.03225 0 74.7049
-1.02613 0 74.2197
-1.02 0 73.8863
-1.01387 0 73.8534
-1.00775 0 73.6877
-1.00162 0 72.0977
-0.995496 0 70.0702
-0.989369 0 68.5657
-0.983243 0 67.184
-0.977117 0 67.2645
-0.970991 0 67.2194
-0.964865 0 66.0977
-0.958739 0 64.4914
-0.952613 0 62.4956
-0.946487 0 61.8233
-0.94036 0 62.8691
-0.934234 0 63.2197
-0.928108 0 62.0374
-0.921982 0 60.7968
-0.915856 0 59.73
-0.90973 0 59.1227
-0.903604 0 59.4435
-0.897477 0 59.2931
-0.891351 0 58.1033
-0.885225 0 57.756
-0.879099 0 57.5208
-0.872973 0 56.6555
-0.866847 0 56.2818
-0.860721 0 56.1367
-0.854595 0 55.3519
-0.848469 0 54.7981
-0.842342 0 55.1598
-0.836216 0 54.7136
-0.83009 0 53.5751
-0.823964 0 52.6483
-0.817838 0 52.0444
-0.811712 0 52.1069
-0.805586 0 52.0946
-0.79946 0 51.2958
-0.793333 0 50.4412
-0.787207 0 50.0289
-0.781081 0 49.9741
-0.774955 0 49.6002
-0.768829 0 49.1293
-0.762703 0 49.7088
-0.756577 0 50.2802
-0.750451 0 49.9412
-0.744324 0 48.7208
-0.738198 0 47.6869
-0.732072 0 47.3392
-0.725946 0 46.9499
-0.71982 0 45.7719
-0.713694 0 44.9745
-0.707568 0 44.6732
-0.701441 0 43.8735
-0.695315 0 43.6728
-0.689189 0 44.3255
-0.683063 0 44.1753
-0.676937 0 43.3295
-0.670811 0 43.1198
-0.664685 0 42.9095
-0.658559 0 42.2187
-0.652432 0 42.4699
-0.646306 0 43.1022
-0.64018 0 42.3414
-0.634054 0 41.1579
-0.627928 0 41.0847
-0.621802 0 41.1801
-0.615676 0 41.0016
-0.60955 0 40.5194
-0.603423 0 38.8402
-0.597297 0 36.836
-0.591171 0 36.1654
-0.585045 0 36.6551
-0.578919 0 36.5726
-0.572793 0 36.1527
-0.566667 0 35.8719
-0.560541 0 35.5769
-0.554414 0 34.7848
-0.548288 0 33.931
-0.542162 0 33.0331
-0.536036 0 32.3861
-0.52991 0 32.766
-0.523784 0 33.7312
-0.517658 0 33.6367
-0.511532 0 33.5699
-0.505405 0 33.7711
-0.499279 0 33.0093
-0.493153 0 31.4774
-0.487027 0 29.9899
-0.480901 0 30.1397
-0.474775 0 31.0978
-0.468649 0 31.0592
-0.462523 0 30.128
-0.456396 0 29.1399
-0.45027 0 28.5968
-0.444144 0 28.5178
-0.438018 0 28.9245
-0.431892 0 29.2052
-0.425766 0 28.0753
-0.41964 0 26.9297
-0.413514 0 26.6851
-0.407387 0 26.1879
-0.401261 0 25.4764
-0.395135 0 25.0355
-0.389009 0 24.7267
-0.382883 0 24.1281
-0.376757 0 22.8419
-0.370631 0 22.3423
-0.364505 0 22.9476
-0.358378 0 23.2643
-0.352252 0 22.9577
-0.346126 0 21.834
-0.34 0 20.639
-0.333874 0 19.8318
-0.327748 0 19.2774
-0.321622 0 18.9724
-0.315496 0 18.943
-0.309369 0 18.8799
-0.303243 0 19.3079
-0.297117 0 19.4939
-0.290991 0 18.5551
-0.284865 0 17.8998
-0.278739 0 17.7595
-0.272613 0 17.732
-0.266487 0 17.4976
-0.26036 0 16.7237
-0.254234 0 15.9351
-0.248108 0 15.4475
-0.241982 0 15.0476
-0.235856 0 14.9322
-0.22973 0 15.0987
-0.223604 0 14.9343
-0.217478 0 14.2481
-0.211351 0 13.2248
-0.205225 0 12.3215
-0.199099 0 11.9606
-0.192973 0 11.8451
-0.186847 0 11.6643
-0.180721 0 11.4065
-0.174595 0 11.1872
-0.168469 0 11.059
-0.162342 0 10.8901
-0.156216 0 10.3937
-0.15009 0 9.84555
-0.143964 0 9.52749
-0.137838 0 9.02234
-0.131712 0 8.39051
-0.125586 0 7.77327
-0.11946 0 7.37681
-0.113333 0 7.12921
-0.107207 0 6.90421
-0.101081 0 6.52376
-0.094955 0 6.04799
-0.0888289 0 5.79579
-0.0827027 0 5.55589
-0.0765766 0 4.94284
-0.0704505 0 4.39309
-0.0643244 0 4.12907
-0.0581982 0 3.77266
-0.0520721 0 3.38369
-0.045946 0 3.25573
-0.0398199 0 2.94143
-0.0336937 0 2.28801
-0.0275676 0 1.77452
-0.0214415 0 1.38504
-0.0153154 0 1.08051
-0.00918923 0 0.953323
-0.00306311 0 0.887617
0.00306302 0 0.895816
0.00918914 0 1.08026
0.0153153 0 1.41321
0.0214414 0 1.69051
0.0275675 0 1.97156
0.0336936 0 2.34274
0.0398198 0 2.62311
0.0459459 0 2.88075
0.052072 0 3.2643
0.0581982 0 3.67218
0.0643243 0 4.0443
0.0704504 0 4.45377
0.0765765 0 4.64372
0.0827027 0 4.81897
0.0888288 0 5.33158
0.0949549 0 5.90494
0.101081 0 6.3628
0.107207 0 6.79843
0.113333 0 7.3281
0.119459 0 8.07888
0.125586 0 8.79605
0.131712 0 9.42238
0.137838 0 9.78175
0.143964 0 10.0733
0.15009 0 10.3549
0.156216 0 10.4901
0.162342 0 10.4455
0.168468 0 10.3589
0.174595 0 10.1815
0.180721 0 10.5007
0.186847 0 11.343
0.192973 0 11.8253
0.199099 0 12.1629
0.205225 0 13.0309
0.211351 0 13.8686
0.217477 0 14.0217
0.223604 0 14.0564
0.22973 0 14.5095
0.235856 0 15.1543
0.241982 0 15.8519
0.248108 0 16.2114
0.254234 0 16.3933
0.26036 0 16.7222
0.266486 0 17.1313
0.272613 0 17.4758
0.278739 0 17.8353
0.284865 0 18.2291
0.290991 0 18.4163
0.297117 0 18.2787
0.303243 0 18.1103
0.309369 0 18.5519
0.315495 0 19.4773
0.321622 0 19.9213
0.327748 0 19.9917
0.333874 0 20.6306
0.34 0 21.3362
0.346126 0 21.5468
0.352252 0 21.8514
0.358378 0 22.9135
0.364504 0 24.0027
0.370631 0 24.2795
0.376757 0 23.9539
0.382883 0 23.6191
0.389009 0 23.7261
0.395135 0 24.5737
0.401261 0 25.7214
0.407387 0 26.1145
0.413513 0 26.1326
0.41964 0 26.7381
0.425766 0 27.664
0.431892 0 27.8834
0.438018 0 27.5729
0.444144 0 27.6076
0.45027 0 28.3271
0.456396 0 29.4645
0.462522 0 29.7532
0.468649 0 29.0297
0.474775 0 28.4478
0.480901 0 29.0068
0.487027 0 29.9017
0.493153 0 30.2869
0.499279 0 30.8066
0.505405 0 31.2278
0.511532 0 31.7177
0.517658 0 32.4081
0.523784 0 33.424
0.52991 0 34.6895
0.536036 0 34.907
0.542162 0 33.9414
0.548288 0 33.3793
0.554414 0 33.9162
0.56054 0 34.8608
0.566667 0 35.6305
0.572793 0 36.1516
0.578919 0 37.2119
0.585045 0 38.8832
0.591171 0 39.6831
0.597297 0 38.8683
0.603423 0 37.7101
0.60955 0 37.3986
0.615676 0 38.0542
0.621802 0 39.3561
0.627928 0 41.2831
0.634054 0 42.588
0.64018 0 42.5674
0.646306 0 42.312
0.652432 0 41.8956
0.658558 0 41.3198
0.664685 0 41.4893
0.670811 0 42.1673
0.676937 0 42.4026
0.683063 0 42.3872
0.689189 0 43.1733
0.695315 0 44.206
0.701441 0 44.5008
0.707568 0 44.5285
0.713694 0 45.0675
0.71982 0 46.0602
0.725946 0 46.3602
0.732072 0 46.9807
0.738198 0 48.061
0.744324 0 47.8386
0.75045 0 47.207
0.756577 0 48.0581
0.762703 0 50.1663
0.768829 0 51.9537
0.774955 0 52.4485
0.781081 0 52.2253
0.787207 0 51.7765
0.793333 0 51.692
0.799459 0 52.1759
0.805586 0 52.8351
0.811712 0 53.036
0.817838 0 53.6946
0.823964 0 55.108
0.83009 0 55.4642
0.836216 0 54.1343
0.842342 0 53.4026
0.848468 0 53.8906
0.854595 0 54.8372
0.860721 0 55.3702
0.866847 0 55.9051
0.872973 0 56.6259
0.879099 0 57.241
0.885225 0 58.3691
0.891351 0 58.9698
0.897477 0 59.1169
0.903604 0 59.1011
0.90973 0 59.0719
0.915856 0 59.3503
0.921982 0 59.7882
0.928108 0 60.3397
0.934234 0 61.4381
0.94036 0 62.5326
0.946486 0 63.2335
0.952613 0 63.6439
0.958739 0 64.3116
0.964865 0 65.5307
0.970991 0 67.5391
0.977117 0 68.9543
0.983243 0 68.9296
0.989369 0 69.2161
0.995495 0 70.3534
1.00162 0 70.9264
1.00775 0 70.7227
1.01387 0 71.5849
1.02 0 73.5431
1.02613 0 74.4799
1.03225 0 73.6803
1.03838 0 73.7809
1.0445 0 75.33
1.05063 0 76.5348
1.05676 0 76.4929
1.06288 0 76.1644
1.06901 0 76.5223
1.07514 0 76.4685
1.08126 0 76.8434
1.08739 0 77.5251
1.09351 0 77.8333
1.09964 0 78.7677
1.10577 0 80.3165
1.11189 0 80.4189
1.11802 0 79.757
1.12414 0 80.0053
1.13027 0 79.8956
1.1364 0 79.0323
1.14252 0 79.4841
1.14865 0 80.5292
1.15477 0 79.7375
1.1609 0 79.7482
1.16703 0 81.3105
1.17315 0 82.6029
1.17928 0 82.5654
1.18541 0 81.0431
1.19153 0 79.812
1.19766 0 79.3299
1.20378 0 78.7862
1.20991 0 78.3205
1.21604 0 78.5347
1.22216 0 79.8991
1.22829 0 81.5841
1.23441 0 82.5033
1.24054 0 82.7276
1.24667 0 82.9265
1.25279 0 82.3373
1.25892 0 81.3196
1.26505 0 82.108
1.27117 0 83.0372
1.2773 0 82.3716
1.28342 0 81.4235
1.28955 0 81.1351
1.29568 0 79.9401
1.3018 0 78.4178
1.30793 0 78.9689
1.31405 0 80.1944
1.32018 0 80.4425
1.32631 0 81.2851
1.33243 0 81.6908
1.33856 0 80.8952
1.34468 0 79.779
1.35081 0 78.8979
1.35694 0 78.0761
1.36306 0 77.9288
1.36919 0 78.6661
1.37532 0 79.6558
1.38144 0 79.1576
1.38757 0 78.2925
1.39369 0 78.6144
1.39982 0 79.1862
1.40595 0 78.2953
1.41207 0 77.1376
1.4182 0 76.8732
1.42432 0 77.4746
1.43045 0 78.1259
1.43658 0 78.7264
1.4427 0 79.7161
1.44883 0 79.5368
1.45495 0 78.5296
1.46108 0 77.3608
1.46721 0 75.9421
1.47333 0 75.805
1.47946 0 76.724
1.48559 0 77.7512
1.49171 0 77.914
1.49784 0 77.4741
1.50396 0 77.1524
1.51009 0 76.2505
1.51622 0 75.0535
1.52234 0 75.95
1.52847 0 77.8795
1.53459 0 78.2956
1.54072 0 77.08
1.54685 0 76.2836
1.55297 0 76.9571
1.5591 0 76.8023
1.56523 0 76.4534
1.57135 0 75.7296
1.57748 0 75.3612
1.5836 0 76.1651
1.58973 0 76.2078
1.59586 0 74.8267
1.60198 0 73.0412
1.60811 0 73.1405
1.61423 0 73.8746
1.62036 0 72.3966
1.62649 0 70.5651
1.63261 0 70.2506
1.63874 0 70.7215
1.64486 0 71.4946
1.65099 0 72.1872
1.65712 0 72.7176
1.66324 0 72.8097
1.66937 0 72.674
1.6755 0 72.3075
1.68162 0 72.4261
1.68775 0 72.6964
1.69387 0 72.3435
1.7 0 71.4248
1.70613 0 70.557
1.71225 0 70.4318
1.71838 0 69.1863
1.7245 0 68.0971
1.73063 0 68.5534
1.73676 0 68.9294
1.74288 0 68.919
1.74901 0 68.303
1.75514 0 67.6209
1.76126 0 67.788
1.76739 0 67.6678
1.77351 0 66.8242
1.77964 0 65.7474
1.78577 0 64.904
1.79189 0 64.2661
1.79802 0 63.9683
1.80414 0 65.2023
1.81027 0 65.4797
1.8164 0 64.8743
1.82252 0 64.8076
1.82865 0 65.3329
1.83477 0 65.2868
1.8409 0 64.3956
1.84703 0 63.6321
1.85315 0 62.9819
1.85928 0 62.3106
1.86541 0 62.1191
1.87153 0 62.6204
1.87766 0 63.1302
1.88378 0 63.4264
1.88991 0 63.0757
1.89604 0 61.2537
1.90216 0 60.0453
1.90829 0 60.0341
1.91441 0 60.6692
1.92054 0 60.8521
1.92667 0 59.8534
1.93279 0 59.1316
1.93892 0 59.1672
1.94504 0 59.5003
1.95117 0 58.6285
1.9573 0 57.763
1.96342 0 58.5062
1.96955 0 59.8156
1.97568 0 59.8676
1.9818 0 59.0777
1.98793 0 58.7074
1.99405 0 58.1577
2.00018 0 56.9988
2.00631 0 56.7646
2.01243 0 56.2556
2.01856 0 55.4029
2.02468 0 55.4343
2.03081 0 55.9152
2.03694 0 55.7522
2.04306 0 55.1107
2.04919 0 55.2285
2.05532 0 54.1684
2.06144 0 53.0172
2.06757 0 53.196
2.07369 0 53.5226
2.07982 0 52.898
2.08595 0 52.4119
2.09207 0 52.6843
2.0982 0 52.876
2.10432 0 52.1514
2.11045 0 51.0606
2.11658 0 51.0079
2.1227 0 51.853
2.12883 0 52.0191
2.13495 0 50.9438
2.14108 0 49.6502
2.14721 0 49.2176
2.15333 0 49.1776
2.15946 0 49.4776
2.16559 0 50.3433
2.17171 0 50.9122
2.17784 0 51.0879
2.18396 0 50.1632
2.19009 0 48.5479
2.19622 0 48.0932
2.20234 0 47.4995
2.20847 0 45.9744
2.21459 0 44.8444
2.22072 0 44.6161
2.22685 0 45.0511
2.23297 0 45.1514
2.2391 0 45.4312
2.24523 0 45.6336
2.25135 0 45.2408
2.25748 0 44.3398
2.2636 0 43.9873
2.26973 0 42.7794
2.27586 0 41.5935
2.28198 0 41.4042
2.28811 0 41.0383
2.29423 0 40.4797
2.30036 0 40.2428
2.30649 0 40.4722
2.31261 0 39.8965
2.31874 0 39.3892
2.32486 0 39.71
2.33099 0 38.7698
2.33712 0 38.2949
2.34324 0 38.4903
2.34937 0 38.7125
2.3555 0 38.0517
2.36162 0 37.3485
2.36775 0 36.8514
2.37387 0 36.4043
2.38 0 36.5218
2.38613 0 36.8093
2.39225 0 36.7875
2.39838 0 36.59
2.4045 0 36.0664
2.41063 0 35.4164
2.41676 0 35.1543
2.42288 0 35.4273
2.42901 0 34.7779
2.43514 0 33.6802
2.44126 0 33.6393
2.44739 0 33.2303
2.45351 0 32.3809
2.45964 0 31.6426
2.46577 0 31.3938
2.47189 0 31.564
2.47802 0 31.1291
2.48414 0 30.5293
2.49027 0 29.9457
2.4964 0 29.5765
2.50252 0 29.8549
2.50865 0 29.8818
2.51477 0 29.4979
2.5209 0 28.823
2.52703 0 29.0027
2.53315 0 29.3169
2.53928 0 29.0689
2.54541 0 28.3152
2.55153 0 27.663
2.55766 0 27.5205
2.56378 0 26.621
2.56991 0 25.8525
2.57604 0 25.6862
2.58216 0 25.3524
2.58829 0 24.7264
2.59441 0 24.2103
2.60054 0 23.7408
2.60667 0 23.6657
2.61279 0 23.5918
2.61892 0 23.5442
2.62504 0 23.3351
2.63117 0 22.9101
2.6373 0 22.3753
2.64342 0 21.9349
2.64955 0 21.8659
2.65568 0 21.8549
2.6618 0 21.2288
2.66793 0 20.8195
2.67405 0 20.2189
2.68018 0 19.7863
2.68631 0 19.7516
2.69243 0 19.3126
2.69856 0 18.7525
2.70468 0 17.9682
2.71081 0 17.2744
2.71694 0 17.2763
2.72306 0 17.4479
2.72919 0 17.2805
2.73532 0 16.8925
2.74144 0 16.5647
2.74757 0 16.0715
2.75369 0 15.4065
2.75982 0 14.7011
2.76595 0 14.4092
2.77207 0 14.2347
2.7782 0 13.848
2.78432 0 13.3412
2.79045 0 12.7325
2.79658 0 12.3392
2.8027 0 11.9865
2.80883 0 11.6822
2.81495 0 11.3474
2.82108 0 10.8327
2.82721 0 10.5501
2.83333 0 10.4659
2.83946 0 10.2199
2.84559 0 9.75177
2.85171 0 9.32385
2.85784 0 8.96142
2.86396 0 8.66568
2.87009 0 8.31986
2.87622 0 7.96362
2.88234 0 7.64839
2.88847 0 7.25724
2.89459 0 6.82813
2.90072 0 6.46562
2.90685 0 6.08264
2.91297 0 5.65845
2.9191 0 5.29447
2.92523 0 4.89175
2.93135 0 4.42535
2.93748 0 4.03598
2.9436 0 3.65021
2.94973 0 3.24034
2.95586 0 2.86911
2.96198 0 2.4698
2.96811 0 2.06931
2.97423 0 1.66097
2.98036 0 1.27506
2.98649 0 0.901615
2.99261 0 0.538506
2.99874 0 0.247919
3.00486 0 0.0903545
3.01099 0 0.033145
3.01712 0 0.0131543
3.02324 0 0.00485294
3.02937 0 0.00104743
3.0355 0 0.000712273
3.04162 0 0.000711846
3.04775 0 0.000711846
3.05387 0 0.000711846
3.06 0 0.000711846
