-3.1 0 0
-3.0938 1.06168e-07 0
-3.0876 1.01975e-07 0
-3.0814 1.10963e-07 0
-3.0752 1.33943e-07 0
-3.069 1.65755e-07 0
-3.0628 2.10356e-07 0
-3.0566 2.79741e-07 0
-3.0504 3.99872e-07 0
-3.0442 5.75099e-07 0
-3.038 9.27943e-07 0
-3.0318 1.53179e-06 0
-3.0256 2.87734e-06 0
-3.0194 6.68963e-06 0
-3.0132 2.27393e-05 0
-3.007 0.000155377 0
-3.0008 0.102255 0
-2.9946 0.427566 0
-2.9884 0.426974 0
-2.9822 0.425375 0
-2.976 0.4263 0
-2.9698 0.42078 0
-2.9636 0.435579 0
-2.9574 0.429141 0
-2.9512 0.423782 0
-2.945 0.440958 0
-2.9388 0.439808 0
-2.9326 0.439678 0
-2.9264 0.439959 0
-2.9202 0.436092 0
-2.914 0.431608 0
-2.9078 0.435871 0
-2.9016 0.43966 0
-2.8954 0.435832 0
-2.8892 0.431821 0
-2.883 0.440991 0
-2.8768 0.432311 0
-2.8706 0.444073 0
-2.8644 0.437963 0
-2.8582 0.428963 0
-2.852 0.449078 0
-2.8458 0.450865 0
-2.8396 0.45064 0
-2.8334 0.450719 0
-2.8272 0.438819 0
-2.821 0.440637 0
-2.8148 0.432389 0
-2.8086 0.448132 0
-2.8024 0.442359 0
-2.7962 0.443771 0
-2.79 0.43927 0
-2.7838 0.442996 0
-2.7776 0.441112 0
-2.7714 0.448919 0
-2.7652 0.444657 0
-2.759 0.448308 0
-2.7528 0.443292 0
-2.7466 0.444456 0
-2.7404 0.447413 0
-2.7342 0.446062 0
-2.728 0.447525 0
-2.7218 0.442382 0
-2.7156 0.444263 0
-2.7094 0.445385 0
-2.7032 0.449785 0
-2.697 0.469448 0
-2.6908 0.459145 0
-2.6846 0.455094 0
-2.6784 0.4574 0
-2.6722 0.462622 0
-2.666 0.45967 0
-2.6598 0.451803 0
-2.6536 0.452498 0
-2.6474 0.453306 0
-2.6412 0.445384 0
-2.635 0.451854 0
-2.6288 0.456546 0
-2.6226 0.451438 0
-2.6164 0.455576 0
-2.6102 0.453794 0
-2.604 0.460989 0
-2.5978 0.465587 0
-2.5916 0.450216 0
-2.5854 0.451975 0
-2.5792 0.467825 0
-2.573 0.471076 0
-2.5668 0.464599 0
-2.5606 0.467528 0
-2.5544 0.465149 0
-2.5482 0.470854 0
-2.542 0.458668 0
-2.5358 0.461447 0
-2.5296 0.45725 0
-2.5234 0.467208 0
-2.5172 0.464104 0
-2.511 0.464539 0
-2.5048 0.462467 0
-2.4986 0.478494 0
-2.4924 0.465721 0
-2.4862 0.462751 0
-2.48 0.467676 0
-2.4738 0.469257 0
-2.4676 0.477484 0
-2.4614 0.474727 0
-2.4552 0.46625 0
-2.449 0.473602 0
-2.4428 0.473398 0
-2.4366 0.475063 0
-2.4304 0.473208 0
-2.4242 0.473713 0
-2.418 0.475903 0
-2.4118 0.482752 0
-2.4056 0.480244 0
-2.3994 0.474326 0
-2.3932 0.47161 0
-2.387 0.475355 0
-2.3808 0.486923 0
-2.3746 0.473538 0
-2.3684 0.480114 0
-2.3622 0.478311 0
-2.356 0.480656 0
-2.3498 0.47677 0
-2.3436 0.477973 0
-2.3374 0.48691 0
-2.3312 0.491961 0
-2.325 0.494068 0
-2.3188 0.491444 0
-2.3126 0.48614 0
-2.3064 0.496379 0
-2.3002 0.491353 0
-2.294 0.488266 0
-2.2878 0.485257 0
-2.2816 0.484057 0
-2.2754 0.487661 0
-2.2692 0.499328 0
-2.263 0.498197 0
-2.2568 0.493221 0
-2.2506 0.491065 0
-2.2444 0.50384 0
-2.2382 0.499539 0
-2.232 0.496861 0
-2.2258 0.498493 0
-2.2196 0.500192 0
-2.2134 0.501153 0
-2.2072 0.494547 0
-2.201 0.493986 0
-2.1948 0.502077 0
-2.1886 0.505501 0
-2.1824 0.495653 0
-2.1762 0.497829 0
-2.17 0.509485 0
-2.1638 0.506508 0
-2.1576 0.510324 0
-2.1514 0.515809 0
-2.1452 0.51151 0
-2.139 0.504681 0
-2.1328 0.510691 0
-2.1266 0.513411 0
-2.1204 0.511748 0
-2.1142 0.507237 0
-2.108 0.513879 0
-2.1018 0.522347 0
-2.0956 0.50852 0
-2.0894 0.505505 0
-2.0832 0.518912 0
-2.077 0.522029 0
-2.0708 0.51981 0
-2.0646 0.509232 0
-2.0584 0.519142 0
-2.0522 0.522582 0
-2.046 0.518429 0
-2.0398 0.520745 0
-2.0336 0.525949 0
-2.0274 0.522574 0
-2.0212 0.517564 0
-2.015 0.520758 0
-2.0088 0.518829 0
-2.0026 0.524491 0
-1.9964 0.52868 0
-1.9902 0.532015 0
-1.984 0.532578 0
-1.9778 0.530432 0
-1.9716 0.527736 0
-1.9654 0.532413 0
-1.9592 0.534512 0
-1.953 0.533844 0
-1.9468 0.540362 0
-1.9406 0.539783 0
-1.9344 0.539048 0
-1.9282 0.529764 0
-1.922 0.536806 0
-1.9158 0.535982 0
-1.9096 0.539329 0
-1.9034 0.534952 0
-1.8972 0.542427 0
-1.891 0.539818 0
-1.8848 0.536749 0
-1.8786 0.544844 0
-1.8724 0.545806 0
-1.8662 0.538898 0
-1.86 0.546877 0
-1.8538 0.559026 0
-1.8476 0.551128 0
-1.8414 0.55091 0
-1.8352 0.555151 0
-1.829 0.557812 0
-1.8228 0.554021 0
-1.8166 0.54992 0
-1.8104 0.560547 0
-1.8042 0.570012 0
-1.798 0.56792 0
-1.7918 0.563118 0
-1.7856 0.571745 0
-1.7794 0.558052 0
-1.7732 0.550928 0
-1.767 0.561213 0
-1.7608 0.574386 0
-1.7546 0.580156 0
-1.7484 0.569956 0
-1.7422 0.564611 0
-1.736 0.562753 0
-1.7298 0.560767 0
-1.7236 0.565735 0
-1.7174 0.56847 0
-1.7112 0.563842 0
-1.705 0.576557 0
-1.6988 0.576152 0
-1.6926 0.574614 0
-1.6864 0.586543 0
-1.6802 0.587331 0
-1.674 0.583039 0
-1.6678 0.592617 0
-1.6616 0.591106 0
-1.6554 0.588249 0
-1.6492 0.586757 0
-1.643 0.595326 0
-1.6368 0.596831 0
-1.6306 0.593994 0
-1.6244 0.597286 0
-1.6182 0.60519 0
-1.612 0.60569 0
-1.6058 0.598347 0
-1.5996 0.59526 0
-1.5934 0.597319 0
-1.5872 0.598448 0
-1.581 0.609438 0
-1.5748 0.607844 0
-1.5686 0.60859 0
-1.5624 0.61265 0
-1.5562 0.612707 0
-1.55 0.608963 0
-1.5438 0.616183 0
-1.5376 0.612434 0
-1.5314 0.611595 0
-1.5252 0.620488 0
-1.519 0.62656 0
-1.5128 0.625424 0
-1.5066 0.628283 0
-1.5004 0.623568 0
-1.4942 0.623769 0
-1.488 0.6315 0
-1.4818 0.632373 0
-1.4756 0.637117 0
-1.4694 0.641322 0
-1.4632 0.648143 0
-1.457 0.652478 0
-1.4508 0.644894 0
-1.4446 0.643129 0
-1.4384 0.652424 0
-1.4322 0.650805 0
-1.426 0.657179 0
-1.4198 0.658379 0
-1.4136 0.653081 0
-1.4074 0.651819 0
-1.4012 0.662082 0
-1.395 0.674822 0
-1.3888 0.67987 0
-1.3826 0.682637 0
-1.3764 0.675947 0
-1.3702 0.669181 0
-1.364 0.672701 0
-1.3578 0.67774 0
-1.3516 0.690023 0
-1.3454 0.691534 0
-1.3392 0.693635 0
-1.333 0.699512 0
-1.3268 0.699736 0
-1.3206 0.704974 0
-1.3144 0.717101 0
-1.3082 0.719327 0
-1.302 0.716703 0
-1.2958 0.720578 0
-1.2896 0.722524 0
-1.2834 0.716671 0
-1.2772 0.71944 0
-1.271 0.73208 0
-1.2648 0.739688 0
-1.2586 0.73925 0
-1.2524 0.741939 0
-1.2462 0.753056 0
-1.24 0.757851 0
-1.2338 0.760082 0
-1.2276 0.76201 0
-1.2214 0.76272 0
-1.2152 0.766987 0
-1.209 0.772643 0
-1.2028 0.777918 0
-1.1966 0.79006 0
-1.1904 0.794671 0
-1.1842 0.799191 0
-1.178 0.796886 0
-1.1718 0.799327 0
-1.1656 0.812052 0
-1.1594 0.824357 0
-1.1532 0.829947 0
-1.147 0.837943 0
-1.1408 0.850947 0
-1.1346 0.864179 0
-1.1284 0.866742 0
-1.1222 0.880751 0
-1.116 0.898088 0
-1.1098 0.911107 0
-1.1036 0.927242 0
-1.0974 0.934817 0
-1.0912 0.939393 0
-1.085 0.951392 0
-1.0788 0.959067 0
-1.0726 0.97795 0
-1.0664 1.00761 0
-1.0602 1.01754 0
-1.054 1.036 0
-1.0478 1.06291 0
-1.0416 1.09579 0
-1.0354 1.12822 0
-1.0292 1.16518 0
-1.023 1.21976 0
-1.0168 1.30572 0
-1.0106 1.42496 0
-1.0044 1.64723 0
-0.9982 1.71145 0
-0.992 1.48709 0
-0.9858 1.32047 0
-0.9796 1.22818 0
-0.9734 1.15722 0
-0.9672 1.09928 0
-0.961 1.05519 0
-0.9548 1.02319 0
-0.9486 0.998561 0
-0.9424 0.975146 0
-0.9362 0.945634 0
-0.93 0.91602 0
-0.9238 0.89442 0
-0.9176 0.876164 0
-0.9114 0.856154 0
-0.9052 0.833232 0
-0.899 0.813181 0
-0.8928 0.801044 0
-0.8866 0.784125 0
-0.8804 0.760168 0
-0.8742 0.754134 0
-0.868 0.745275 0
-0.8618 0.723572 0
-0.8556 0.712217 0
-0.8494 0.707847 0
-0.8432 0.694472 0
-0.837 0.673441 0
-0.8308 0.669659 0
-0.8246 0.661281 0
-0.8184 0.643835 0
-0.8122 0.637551 0
-0.806 0.632913 0
-0.7998 0.617137 0
-0.7936 0.60741 0
-0.7874 0.604648 0
-0.7812 0.592374 0
-0.775 0.578797 0
-0.7688 0.570394 0
-0.7626 0.561445 0
-0.7564 0.554182 0
-0.7502 0.543521 0
-0.744 0.533358 0
-0.7378 0.529532 0
-0.7316 0.534031 0
-0.7254 0.525074 0
-0.7192 0.514948 0
-0.713 0.501116 0
-0.7068 0.496342 0
-0.7006 0.49698 0
-0.6944 0.488953 0
-0.6882 0.479246 0
-0.682 0.473531 0
-0.6758 0.469142 0
-0.6696 0.462815 0
-0.6634 0.454778 0
-0.6572 0.446045 0
-0.651 0.440576 0
-0.6448 0.432558 0
-0.6386 0.423462 0
-0.6324 0.417358 0
-0.6262 0.411295 0
-0.62 0.409984 0
-0.6138 0.406719 0
-0.6076 0.401789 0
-0.6014 0.39782 0
-0.5952 0.389879 0
-0.589 0.386913 0
-0.5828 0.383051 0
-0.5766 0.37424 0
-0.5704 0.371436 0
-0.5642 0.362696 0
-0.558 0.348338 0
-0.5518 0.342488 0
-0.5456 0.342501 0
-0.5394 0.338786 0
-0.5332 0.335517 0
-0.527 0.332686 0
-0.5208 0.327792 0
-0.5146 0.321102 0
-0.5084 0.317895 0
-0.5022 0.312278 0
-0.496 0.304097 0
-0.4898 0.296163 0
-0.4836 0.295208 0
-0.4774 0.29687 0
-0.4712 0.295889 0
-0.465 0.292055 0
-0.4588 0.284526 0
-0.4526 0.279169 0
-0.4464 0.275347 0
-0.4402 0.268391 0
-0.434 0.264918 0
-0.4278 0.262717 0
-0.4216 0.25434 0
-0.4154 0.244453 0
-0.4092 0.243267 0
-0.403 0.244565 0
-0.3968 0.239968 0
-0.3906 0.236136 0
-0.3844 0.233293 0
-0.3782 0.226105 0
-0.372 0.222114 0
-0.3658 0.217309 0
-0.3596 0.208135 0
-0.3534 0.20564 0
-0.3472 0.204053 0
-0.341 0.20253 0
-0.3348 0.200253 0
-0.3286 0.196155 0
-0.3224 0.192231 0
-0.3162 0.189544 0
-0.31 0.186017 0
-0.3038 0.181831 0
-0.2976 0.179613 0
-0.2914 0.175514 0
-0.2852 0.169261 0
-0.279 0.162869 0
-0.2728 0.158896 0
-0.2666 0.156347 0
-0.2604 0.153309 0
-0.2542 0.151255 0
-0.248 0.146024 0
-0.2418 0.139297 0
-0.2356 0.135078 0
-0.2294 0.133371 0
-0.2232 0.129009 0
-0.217 0.121722 0
-0.2108 0.114853 0
-0.2046 0.113046 0
-0.1984 0.113499 0
-0.1922 0.112109 0
-0.186 0.108785 0
-0.1798 0.10391 0
-0.1736 0.0948474 0
-0.1674 0.090184 0
-0.1612 0.0891641 0
-0.155 0.0857947 0
-0.1488 0.0829219 0
-0.1426 0.079686 0
-0.1364 0.0754865 0
-0.1302 0.0718006 0
-0.124 0.0684665 0
-0.1178 0.0652915 0
-0.1116 0.0636094 0
-0.1054 0.0618175 0
-0.0992 0.057945 0
-0.093 0.0542419 0
-0.0868 0.0496489 0
-0.0806 0.0470391 0
-0.0744 0.0444546 0
-0.0682 0.0393463 0
-0.062 0.0337342 0
-0.0558 0.0295233 0
-0.0496 0.0274047 0
-0.0434 0.0251242 0
-0.0372 0.0209232 0
-0.031 0.0174938 0
-0.0248 0.014883 0
-0.0186 0.0106779 0
-0.0124 0.00670227 0
-0.0062 0.00355017 0
6.45317e-17 0.00193691 0
0.0062 0.00375412 0
0.0124 0.00721652 0
0.0186 0.010669 0
0.0248 0.0149659 0
0.031 0.0181416 0
0.0372 0.0213805 0
0.0434 0.0252469 0
0.0496 0.0292069 0
0.0558 0.0339288 0
0.062 0.0369034 0
0.0682 0.039075 0
0.0744 0.0430245 0
0.0806 0.0478561 0
0.0868 0.0520126 0
0.093 0.0546339 0
0.0992 0.0585399 0
0.1054 0.0630412 0
0.1116 0.0660201 0
0.1178 0.0676937 0
0.124 0.0697883 0
0.1302 0.0735001 0
0.1364 0.0769028 0
0.1426 0.0798896 0
0.1488 0.085355 0
0.155 0.0887937 0
0.1612 0.0938827 0
0.1674 0.0998247 0
0.1736 0.0999187 0
0.1798 0.101843 0
0.186 0.108495 0
0.1922 0.113809 0
0.1984 0.11764 0
0.2046 0.122699 0
0.2108 0.123087 0
0.217 0.124623 0
0.2232 0.13258 0
0.2294 0.138684 0
0.2356 0.141754 0
0.2418 0.143348 0
0.248 0.146645 0
0.2542 0.149712 0
0.2604 0.150644 0
0.2666 0.153634 0
0.2728 0.155296 0
0.279 0.160988 0
0.2852 0.16801 0
0.2914 0.174045 0
0.2976 0.180067 0
0.3038 0.184056 0
0.31 0.188602 0
0.3162 0.190154 0
0.3224 0.19044 0
0.3286 0.191694 0
0.3348 0.195151 0
0.341 0.198962 0
0.3472 0.206195 0
0.3534 0.210881 0
0.3596 0.211948 0
0.3658 0.217497 0
0.372 0.22083 0
0.3782 0.22116 0
0.3844 0.226143 0
0.3906 0.233472 0
0.3968 0.239428 0
0.403 0.244625 0
0.4092 0.252779 0
0.4154 0.258142 0
0.4216 0.256796 0
0.4278 0.258726 0
0.434 0.262453 0
0.4402 0.26594 0
0.4464 0.271735 0
0.4526 0.276131 0
0.4588 0.28332 0
0.465 0.289842 0
0.4712 0.295031 0
0.4774 0.29708 0
0.4836 0.297655 0
0.4898 0.303098 0
0.496 0.306126 0
0.5022 0.314883 0
0.5084 0.331585 0
0.5146 0.342872 0
0.5208 0.340547 0
0.527 0.336244 0
0.5332 0.338774 0
0.5394 0.346241 0
0.5456 0.354151 0
0.5518 0.354307 0
0.558 0.357222 0
0.5642 0.364318 0
0.5704 0.363913 0
0.5766 0.363701 0
0.5828 0.368072 0
0.589 0.383729 0
0.5952 0.39302 0
0.6014 0.395508 0
0.6076 0.400306 0
0.6138 0.410778 0
0.62 0.418189 0
0.6262 0.425797 0
0.6324 0.42817 0
0.6386 0.432511 0
0.6448 0.442843 0
0.651 0.446704 0
0.6572 0.453023 0
0.6634 0.459129 0
0.6696 0.454975 0
0.6758 0.458632 0
0.682 0.475682 0
0.6882 0.487002 0
0.6944 0.488807 0
0.7006 0.491024 0
0.7068 0.492419 0
0.713 0.49523 0
0.7192 0.503874 0
0.7254 0.510851 0
0.7316 0.525746 0
0.7378 0.538054 0
0.744 0.543712 0
0.7502 0.553923 0
0.7564 0.558648 0
0.7626 0.560926 0
0.7688 0.569611 0
0.775 0.579119 0
0.7812 0.585799 0
0.7874 0.592352 0
0.7936 0.60039 0
0.7998 0.605444 0
0.806 0.619662 0
0.8122 0.637362 0
0.8184 0.640966 0
0.8246 0.649491 0
0.8308 0.667962 0
0.837 0.680405 0
0.8432 0.684483 0
0.8494 0.697195 0
0.8556 0.712601 0
0.8618 0.720034 0
0.868 0.73937 0
0.8742 0.75813 0
0.8804 0.768734 0
0.8866 0.782775 0
0.8928 0.798299 0
0.899 0.820612 0
0.9052 0.842035 0
0.9114 0.861109 0
0.9176 0.86947 0
0.9238 0.887852 0
0.93 0.913923 0
0.9362 0.944598 0
0.9424 0.982304 0
0.9486 1.01069 0
0.9548 1.04053 0
0.961 1.07339 0
0.9672 1.11014 0
0.9734 1.1684 0
0.9796 1.24149 0
0.9858 1.33158 0
0.992 1.5061 0
0.9982 1.73016 0
1.0044 1.64691 0
1.0106 1.4276 0
1.0168 1.31252 0
1.023 1.23836 0
1.0292 1.18109 0
1.0354 1.13957 0
1.0416 1.10345 0
1.0478 1.07761 0
1.054 1.04606 0
1.0602 1.01855 0
1.0664 1.00037 0
1.0726 0.988822 0
1.0788 0.98246 0
1.085 0.959393 0
1.0912 0.939175 0
1.0974 0.925316 0
1.1036 0.905103 0
1.1098 0.890002 0
1.116 0.88888 0
1.1222 0.875032 0
1.1284 0.875041 0
1.1346 0.873699 0
1.1408 0.853112 0
1.147 0.827974 0
1.1532 0.821688 0
1.1594 0.828702 0
1.1656 0.820512 0
1.1718 0.820921 0
1.178 0.814223 0
1.1842 0.804276 0
1.1904 0.796029 0
1.1966 0.784912 0
1.2028 0.782649 0
1.209 0.776908 0
1.2152 0.776416 0
1.2214 0.771138 0
1.2276 0.763317 0
1.2338 0.758054 0
1.24 0.749572 0
1.2462 0.753685 0
1.2524 0.749916 0
1.2586 0.743251 0
1.2648 0.738086 0
1.271 0.728691 0
1.2772 0.722808 0
1.2834 0.720258 0
1.2896 0.723102 0
1.2958 0.720173 0
1.302 0.708258 0
1.3082 0.706612 0
1.3144 0.704576 0
1.3206 0.705538 0
1.3268 0.701962 0
1.333 0.700654 0
1.3392 0.696059 0
1.3454 0.690811 0
1.3516 0.6964 0
1.3578 0.687766 0
1.364 0.683942 0
1.3702 0.687898 0
1.3764 0.67187 0
1.3826 0.669148 0
1.3888 0.667608 0
1.395 0.663391 0
1.4012 0.664445 0
1.4074 0.667666 0
1.4136 0.660415 0
1.4198 0.653467 0
1.426 0.650837 0
1.4322 0.643113 0
1.4384 0.639183 0
1.4446 0.642521 0
1.4508 0.641645 0
1.457 0.638279 0
1.4632 0.640131 0
1.4694 0.647959 0
1.4756 0.641852 0
1.4818 0.640166 0
1.488 0.639926 0
1.4942 0.631536 0
1.5004 0.623606 0
1.5066 0.626415 0
1.5128 0.626626 0
1.519 0.627129 0
1.5252 0.624343 0
1.5314 0.62768 0
1.5376 0.62548 0
1.5438 0.619451 0
1.55 0.616676 0
1.5562 0.613698 0
1.5624 0.60918 0
1.5686 0.614193 0
1.5748 0.613098 0
1.581 0.613885 0
1.5872 0.607253 0
1.5934 0.603449 0
1.5996 0.607442 0
1.6058 0.609052 0
1.612 0.600457 0
1.6182 0.591264 0
1.6244 0.597998 0
1.6306 0.599505 0
1.6368 0.601294 0
1.643 0.604788 0
1.6492 0.592687 0
1.6554 0.583165 0
1.6616 0.588283 0
1.6678 0.588389 0
1.674 0.587856 0
1.6802 0.585863 0
1.6864 0.589559 0
1.6926 0.57922 0
1.6988 0.578434 0
1.705 0.573797 0
1.7112 0.571103 0
1.7174 0.568997 0
1.7236 0.574884 0
1.7298 0.576741 0
1.736 0.561295 0
1.7422 0.563448 0
1.7484 0.564576 0
1.7546 0.568069 0
1.7608 0.568227 0
1.767 0.565523 0
1.7732 0.56387 0
1.7794 0.55681 0
1.7856 0.558931 0
1.7918 0.56631 0
1.798 0.558578 0
1.8042 0.552091 0
1.8104 0.553369 0
1.8166 0.56002 0
1.8228 0.562905 0
1.829 0.562622 0
1.8352 0.555661 0
1.8414 0.551676 0
1.8476 0.551217 0
1.8538 0.553431 0
1.86 0.554574 0
1.8662 0.541555 0
1.8724 0.535596 0
1.8786 0.54253 0
1.8848 0.544137 0
1.891 0.534577 0
1.8972 0.53334 0
1.9034 0.541186 0
1.9096 0.554246 0
1.9158 0.545704 0
1.922 0.53119 0
1.9282 0.537201 0
1.9344 0.542239 0
1.9406 0.549304 0
1.9468 0.53746 0
1.953 0.532123 0
1.9592 0.522097 0
1.9654 0.527199 0
1.9716 0.531997 0
1.9778 0.532734 0
1.984 0.530087 0
1.9902 0.525243 0
1.9964 0.523608 0
2.0026 0.534815 0
2.0088 0.529948 0
2.015 0.52213 0
2.0212 0.516581 0
2.0274 0.5184 0
2.0336 0.52083 0
2.0398 0.526353 0
2.046 0.526104 0
2.0522 0.513657 0
2.0584 0.51528 0
2.0646 0.52059 0
2.0708 0.516663 0
2.077 0.521443 0
2.0832 0.524833 0
2.0894 0.522269 0
2.0956 0.51883 0
2.1018 0.520633 0
2.108 0.516785 0
2.1142 0.511965 0
2.1204 0.508732 0
2.1266 0.50758 0
2.1328 0.504845 0
2.139 0.50469 0
2.1452 0.500661 0
2.1514 0.502715 0
2.1576 0.50409 0
2.1638 0.515443 0
2.17 0.517515 0
2.1762 0.50439 0
2.1824 0.497222 0
2.1886 0.497846 0
2.1948 0.498466 0
2.201 0.498598 0
2.2072 0.502434 0
2.2134 0.492421 0
2.2196 0.49104 0
2.2258 0.50066 0
2.232 0.491323 0
2.2382 0.491575 0
2.2444 0.49371 0
2.2506 0.49214 0
2.2568 0.498908 0
2.263 0.502562 0
2.2692 0.482534 0
2.2754 0.485004 0
2.2816 0.490658 0
2.2878 0.488139 0
2.294 0.47773 0
2.3002 0.484302 0
2.3064 0.496616 0
2.3126 0.493116 0
2.3188 0.478147 0
2.325 0.489952 0
2.3312 0.486646 0
2.3374 0.492091 0
2.3436 0.488407 0
2.3498 0.485673 0
2.356 0.481713 0
2.3622 0.478901 0
2.3684 0.471124 0
2.3746 0.490798 0
2.3808 0.487269 0
2.387 0.479975 0
2.3932 0.481256 0
2.3994 0.488271 0
2.4056 0.479566 0
2.4118 0.472921 0
2.418 0.476659 0
2.4242 0.474573 0
2.4304 0.471466 0
2.4366 0.479102 0
2.4428 0.473855 0
2.449 0.479293 0
2.4552 0.47666 0
2.4614 0.476011 0
2.4676 0.467952 0
2.4738 0.463781 0
2.48 0.47685 0
2.4862 0.471354 0
2.4924 0.470685 0
2.4986 0.458202 0
2.5048 0.46534 0
2.511 0.466424 0
2.5172 0.469178 0
2.5234 0.477104 0
2.5296 0.465976 0
2.5358 0.472986 0
2.542 0.462247 0
2.5482 0.453863 0
2.5544 0.46391 0
2.5606 0.464897 0
2.5668 0.454739 0
2.573 0.461278 0
2.5792 0.459958 0
2.5854 0.457571 0
2.5916 0.459166 0
2.5978 0.457973 0
2.604 0.451124 0
2.6102 0.458034 0
2.6164 0.460987 0
2.6226 0.451504 0
2.6288 0.456292 0
2.635 0.451287 0
2.6412 0.452836 0
2.6474 0.457147 0
2.6536 0.451755 0
2.6598 0.44807 0
2.666 0.451398 0
2.6722 0.458876 0
2.6784 0.460887 0
2.6846 0.448551 0
2.6908 0.454341 0
2.697 0.455189 0
2.7032 0.453881 0
2.7094 0.453435 0
2.7156 0.439823 0
2.7218 0.456337 0
2.728 0.443341 0
2.7342 0.449551 0
2.7404 0.445752 0
2.7466 0.444485 0
2.7528 0.45414 0
2.759 0.448419 0
2.7652 0.454632 0
2.7714 0.447912 0
2.7776 0.437882 0
2.7838 0.438256 0
2.79 0.432851 0
2.7962 0.438382 0
2.8024 0.44673 0
2.8086 0.426488 0
2.8148 0.444848 0
2.821 0.440064 0
2.8272 0.446226 0
2.8334 0.438064 0
2.8396 0.445417 0
2.8458 0.440477 0
2.852 0.434732 0
2.8582 0.434001 0
2.8644 0.429295 0
2.8706 0.428145 0
2.8768 0.42486 0
2.883 0.444434 0
2.8892 0.444933 0
2.8954 0.448967 0
2.9016 0.434167 0
2.9078 0.440036 0
2.914 0.44956 0
2.9202 0.438195 0
2.9264 0.433264 0
2.9326 0.438345 0
2.9388 0.430946 0
2.945 0.435032 0
2.9512 0.429819 0
2.9574 0.427324 0
2.9636 0.429975 0
2.9698 0.437663 0
2.976 0.423531 0
2.9822 0.423586 0
2.9884 0.430954 0
2.9946 0.428747 0
3.0008 0.102979 0
3.007 0.000155998 0
3.0132 2.2835e-05 0
3.0194 6.75522e-06 0
3.0256 2.91216e-06 0
3.0318 1.54461e-06 0
3.038 9.2654e-07 0
3.0442 5.78603e-07 0
3.0504 4.00152e-07 0
3.0566 2.82574e-07 0
3.0628 2.11858e-07 0
3.069 1.65137e-07 0
3.0752 1.33392e-07 0
3.0814 1.11805e-07 0
3.0876 1.01604e-07 0
3.0938 1.06595e-07 0
3.1 0 0
