0.038 9.37512 17.7834
0.0436677 7.41149 16.2736
0.0493353 5.98212 14.9261
0.055003 4.90842 13.7272
0.0606707 4.10009 12.6796
0.0663383 3.46794 11.759
0.072006 2.96905 10.9533
0.0776737 2.57034 10.2484
0.0833413 2.24552 9.61689
0.089009 1.97772 9.05696
0.0946767 1.75796 8.55681
0.100344 1.569 8.10493
0.106012 1.40806 7.69954
0.11168 1.27249 7.33058
0.117347 1.15448 6.99294
0.123015 1.05196 6.68712
0.128683 0.963714 6.40561
0.13435 0.885229 6.14517
0.140018 0.815809 5.90528
0.145686 0.753796 5.68301
0.151353 0.699408 5.4784
0.157021 0.650707 5.28495
0.162689 0.606233 5.10671
0.168356 0.566515 4.93965
0.174024 0.530536 4.78309
0.179692 0.49777 4.63633
0.185359 0.467883 4.49769
0.191027 0.440067 4.3673
0.196695 0.416214 4.24393
0.202362 0.39317 4.12763
0.20803 0.372495 4.0175
0.213698 0.351962 3.91331
0.219365 0.334916 3.81467
0.225033 0.317923 3.71968
0.230701 0.302167 3.62976
0.236368 0.288534 3.54493
0.242036 0.275148 3.46334
0.247704 0.262674 3.38565
0.253371 0.251163 3.31142
0.259039 0.240163 3.24047
0.264707 0.229587 3.17216
0.270374 0.220144 3.10673
0.276042 0.211386 3.04392
0.28171 0.203282 2.98425
0.287377 0.195351 2.92623
0.293045 0.187656 2.87085
0.298713 0.180767 2.81767
0.30438 0.173794 2.76634
0.310048 0.167407 2.71634
0.315716 0.161777 2.66855
0.321383 0.156113 2.62223
0.327051 0.150763 2.57761
0.332719 0.14573 2.53461
0.338386 0.140941 2.49329
0.344054 0.136065 2.45325
0.349722 0.131547 2.41407
0.355389 0.127404 2.3762
0.361057 0.123464 2.3397
0.366725 0.119728 2.30441
0.372392 0.116404 2.27034
0.37806 0.112749 2.23704
0.383728 0.109416 2.20484
0.389395 0.106035 2.17352
0.395063 0.102822 2.14289
0.400731 0.100068 2.11332
0.406398 0.0974403 2.08445
0.412066 0.0948787 2.05647
0.417734 0.0922562 2.02955
0.423401 0.0898116 2.00317
0.429069 0.0872989 1.97752
0.434737 0.0848994 1.9524
0.440404 0.0826202 1.92791
0.446072 0.0807088 1.9038
0.45174 0.0786724 1.88064
0.457407 0.0769005 1.85811
0.463075 0.0750566 1.83625
0.468743 0.0730794 1.81487
0.47441 0.0711996 1.79393
0.480078 0.0695131 1.77334
0.485746 0.0679141 1.75332
0.491413 0.0664443 1.7336
0.497081 0.0649395 1.71455
0.502749 0.0635102 1.69594
0.508416 0.0620884 1.67779
0.514084 0.0607027 1.66017
0.519752 0.0592002 1.64267
0.525419 0.0578274 1.62546
0.531087 0.0566761 1.60873
0.536755 0.0555882 1.59232
0.542422 0.0545628 1.5764
0.54809 0.0533835 1.56091
0.553758 0.0522689 1.5457
0.559425 0.0510994 1.53073
0.565093 0.0499551 1.51603
0.570761 0.0489337 1.50149
0.576428 0.0480126 1.48737
0.582096 0.0471085 1.4735
0.587764 0.0463502 1.45999
0.593431 0.0453705 1.4468
0.599099 0.0445051 1.43393
0.604767 0.0435755 1.42115
0.610434 0.0426643 1.40853
0.616102 0.041853 1.39616
0.62177 0.0411321 1.38404
0.627437 0.0405326 1.37224
0.633105 0.0398188 1.36068
0.638773 0.0391119 1.34932
0.64444 0.0383007 1.33816
0.650108 0.0375842 1.32713
0.655776 0.0368228 1.31626
0.661443 0.0362158 1.30561
0.667111 0.0356493 1.29511
0.672779 0.0351281 1.28489
0.678446 0.0345541 1.27486
0.684114 0.0340182 1.26506
0.689782 0.033345 1.25535
0.695449 0.0327605 1.24575
0.701117 0.0321332 1.23633
0.706785 0.0316073 1.22699
0.712452 0.031192 1.21788
0.71812 0.0307443 1.20894
0.723788 0.0302643 1.2002
0.729455 0.0297955 1.19163
0.735123 0.0292679 1.18314
0.740791 0.0287503 1.17472
0.746458 0.0282807 1.16644
0.752126 0.0278576 1.15827
0.757794 0.0274732 1.15025
0.763461 0.0271314 1.14241
0.769129 0.0266976 1.1347
0.774797 0.0263109 1.12713
0.780464 0.025833 1.11965
0.786132 0.0254032 1.1122
0.7918 0.0250026 1.10487
0.797467 0.0246984 1.09763
0.803135 0.0243431 1.09057
0.808803 0.0240808 1.08358
0.81447 0.0237243 1.07683
0.820138 0.0233839 1.07011
0.825806 0.0230123 1.06344
0.831473 0.0226347 1.05685
0.837141 0.0222902 1.0503
0.842809 0.0219924 1.04388
0.848476 0.0217418 1.03763
0.854144 0.021508 1.03143
0.859812 0.0211805 1.02536
0.865479 0.0208864 1.01935
0.871147 0.0205407 1.01341
0.876815 0.020214 1.00753
0.882482 0.0199598 1.0017
0.88815 0.0197148 0.995967
0.893818 0.0195176 0.990338
0.899485 0.0192798 0.984811
0.905153 0.0190592 0.979395
0.910821 0.0187361 0.974007
0.916488 0.0184537 0.968687
0.922156 0.0182177 0.963385
0.927824 0.0179728 0.958122
0.933491 0.0177522 0.952986
0.939159 0.0176037 0.947953
0.944827 0.0174184 0.942961
0.950494 0.0171977 0.93807
0.956162 0.0169014 0.933273
0.96183 0.0166676 0.928432
0.967498 0.0164431 0.923699
0.973165 0.0162592 0.918975
0.978833 0.0161017 0.91432
0.9845 0.0159262 0.909785
0.990168 0.0157283 0.905296
0.995836 0.0155498 0.900904
1.0015 0.0153177 0.896537
1.00717 0.0151103 0.892177
1.01284 0.01492 0.88787
1.01851 0.0147541 0.883635
1.02417 0.0145954 0.879422
1.02984 0.0144379 0.875294
1.03551 0.0143095 0.871245
1.04118 0.0141332 0.867255
1.04684 0.0139195 0.863297
1.05251 0.0137819 0.859331
1.05818 0.0135724 0.855431
1.06385 0.0134473 0.851571
1.06952 0.0133019 0.847774
1.07518 0.0131738 0.844045
1.08085 0.0130312 0.840357
1.08652 0.0128706 0.836717
1.09219 0.0127106 0.833113
1.09785 0.012557 0.829527
1.10352 0.0124309 0.825987
1.10919 0.0122713 0.822455
1.11486 0.0121586 0.819005
1.12052 0.0120436 0.815586
1.12619 0.0119315 0.812246
1.13186 0.0117718 0.808941
1.13753 0.0116102 0.805648
1.1432 0.0114613 0.802406
1.14886 0.0113461 0.799162
1.15453 0.0112308 0.795963
1.1602 0.0111522 0.792829
1.16587 0.0110298 0.789708
1.17153 0.010928 0.786656
1.1772 0.0107868 0.783616
1.18287 0.0106658 0.780627
1.18854 0.0105392 0.777651
1.1942 0.0104276 0.774703
1.19987 0.010314 0.771776
1.20554 0.0102256 0.768897
1.21121 0.0101296 0.766055
1.21687 0.0100349 0.763261
1.22254 0.00993622 0.760511
1.22821 0.00980005 0.757761
1.23388 0.00967646 0.755045
1.23955 0.00957718 0.752346
1.24521 0.00949262 0.749649
1.25088 0.00939729 0.747023
1.25655 0.00933427 0.744428
1.26222 0.00922087 0.741877
1.26788 0.00914929 0.739358
1.27355 0.00903246 0.736835
1.27922 0.0089218 0.734354
1.28489 0.00881682 0.731871
1.29055 0.00872033 0.729408
1.29622 0.00866674 0.727005
1.30189 0.00859217 0.72461
1.30756 0.00851746 0.722283
1.31323 0.00844564 0.719979
1.31889 0.00832397 0.717678
1.32456 0.00821732 0.715398
1.33023 0.00813846 0.713129
1.3359 0.00804894 0.710852
1.34156 0.00800234 0.708637
1.34723 0.00795528 0.70648
1.3529 0.00786177 0.70433
1.35857 0.00778789 0.702212
1.36423 0.00768752 0.700122
1.3699 0.00758658 0.698002
1.37557 0.00750585 0.695921
1.38124 0.00743877 0.693869
1.3869 0.00738704 0.691823
1.39257 0.00733612 0.689837
1.39824 0.0072883 0.687871
1.40391 0.00720133 0.685942
1.40958 0.00710869 0.684013
1.41524 0.00701966 0.682085
1.42091 0.00695474 0.680157
1.42658 0.0068925 0.678265
1.43225 0.00684824 0.676392
1.43791 0.00679274 0.674571
1.44358 0.00672947 0.672784
1.44925 0.00665661 0.671003
1.45492 0.00658457 0.669239
1.46058 0.00649289 0.667472
1.46625 0.00642984 0.665717
1.47192 0.0063741 0.663971
1.47759 0.00632608 0.662257
1.48326 0.00628234 0.660588
1.48892 0.00622599 0.658934
1.49459 0.00616378 0.657316
1.50026 0.00609256 0.655706
1.50593 0.0060131 0.654063
1.51159 0.0059632 0.652467
1.51726 0.00588605 0.650874
1.52293 0.00585404 0.649318
1.5286 0.00581831 0.64778
1.53426 0.00577321 0.646274
1.53993 0.00571564 0.644785
1.5456 0.00564421 0.643307
1.55127 0.00557681 0.641833
1.55693 0.00550486 0.640358
1.5626 0.00545599 0.638894
1.56827 0.00543003 0.637469
1.57394 0.00537783 0.636063
1.57961 0.00534218 0.634682
1.58527 0.00528947 0.633327
1.59094 0.00522017 0.631979
1.59661 0.00514687 0.630635
1.60228 0.00508755 0.629301
1.60794 0.00503779 0.627961
1.61361 0.00500432 0.626641
1.61928 0.00496446 0.62537
1.62495 0.00494541 0.624104
1.63061 0.00488797 0.622864
1.63628 0.00484776 0.621643
1.64195 0.00476864 0.620424
1.64762 0.00471139 0.619204
1.65329 0.00466588 0.617989
1.65895 0.00461363 0.6168
1.66462 0.0045961 0.615628
1.67029 0.0045649 0.61448
1.67596 0.00452117 0.61336
1.68162 0.00447119 0.612252
1.68729 0.004404 0.611145
1.69296 0.00434749 0.610041
1.69863 0.00430221 0.608939
1.70429 0.00425638 0.607864
1.70996 0.00423296 0.606784
1.71563 0.00420893 0.60576
1.7213 0.00417809 0.604746
1.72696 0.00413261 0.603742
1.73263 0.00407385 0.602748
1.7383 0.00401538 0.601752
1.74397 0.00396381 0.600762
1.74964 0.00393304 0.599775
1.7553 0.00390499 0.598823
1.76097 0.00388464 0.597881
1.76664 0.00384564 0.596966
1.77231 0.00380567 0.596072
1.77797 0.00375241 0.595179
1.78364 0.0036964 0.594294
1.78931 0.00364666 0.59341
1.79498 0.00360726 0.592528
1.80064 0.00357224 0.591673
1.80631 0.00356656 0.590821
1.81198 0.00354066 0.590009
1.81765 0.00349479 0.589211
1.82332 0.00345464 0.588418
1.82898 0.003393 0.587636
1.83465 0.00334343 0.586848
1.84032 0.00330589 0.586059
1.84599 0.003274 0.585291
1.85165 0.00326244 0.584548
1.85732 0.00323772 0.583828
1.86299 0.0032044 0.583124
1.86866 0.00315517 0.582429
1.87432 0.00310475 0.581743
1.87999 0.00305418 0.581059
1.88566 0.00301444 0.58037
1.89133 0.00298519 0.579692
1.89699 0.00296985 0.579037
1.90266 0.00294429 0.578402
1.90833 0.00292079 0.57779
1.914 0.00287757 0.577192
1.91967 0.00283022 0.576591
1.92533 0.00278079 0.575999
1.931 0.00273732 0.575406
1.93667 0.00270534 0.574819
1.94234 0.00268721 0.57425
1.948 0.00266614 0.573706
1.95367 0.00264583 0.573185
1.95934 0.00260936 0.57268
1.96501 0.00256523 0.572174
1.97067 0.00251519 0.571672
1.97634 0.00246975 0.571169
1.98201 0.0024388 0.570669
1.98768 0.00241632 0.57019
1.99335 0.00239747 0.569731
1.99901 0.00237802 0.569301
2.00468 0.0023443 0.568879
2.01035 0.00230433 0.568467
2.01602 0.0022527 0.568051
2.02168 0.0022102 0.567639
2.02735 0.00217178 0.567234
2.03302 0.00215311 0.566839
2.03869 0.0021327 0.566468
2.04435 0.00211478 0.566119
2.05002 0.00208592 0.565787
2.05569 0.00204971 0.565461
2.06136 0.0019994 0.56514
2.06703 0.00195287 0.564818
2.07269 0.00191571 0.5645
2.07836 0.00189322 0.564196
2.08403 0.00187673 0.563906
2.0897 0.00185938 0.563646
2.09536 0.00183326 0.563397
2.10103 0.00179663 0.563167
2.1067 0.00174979 0.562933
2.11237 0.00170184 0.562699
2.11803 0.00166412 0.562471
2.1237 0.00163421 0.562253
2.12937 0.00161819 0.562051
2.13504 0.00160047 0.561875
2.1407 0.00157828 0.561717
2.14637 0.00154187 0.561572
2.15204 0.00149996 0.56143
2.15771 0.00145311 0.56129
2.16338 0.00141244 0.561153
2.16904 0.0013836 0.561022
2.17471 0.00136152 0.560908
2.18038 0.00134277 0.560817
2.18605 0.00132209 0.560748
2.19171 0.00128905 0.560693
2.19738 0.00124965 0.560642
2.20305 0.00120198 0.560599
2.20872 0.00116037 0.560551
2.21438 0.00112711 0.560513
2.22005 0.00110482 0.560491
2.22572 0.00108521 0.56049
2.23139 0.00106474 0.560508
2.23706 0.00103585 0.560543
2.24272 0.000995444 0.560587
2.24839 0.000950755 0.560636
2.25406 0.000904785 0.560685
2.25973 0.000871562 0.560744
2.26539 0.000843595 0.560814
2.27106 0.000824586 0.560902
2.27673 0.000804892 0.561015
2.2824 0.000775378 0.561145
2.28806 0.000737872 0.561287
2.29373 0.00069194 0.561434
2.2994 0.000646912 0.561582
2.30507 0.000608224 0.561738
2.31073 0.000578991 0.561903
2.3164 0.000557199 0.56209
2.32207 0.000536549 0.562298
2.32774 0.000509621 0.562524
2.33341 0.000471454 0.562766
2.33907 0.000425352 0.563015
2.34474 0.000380333 0.563267
2.35041 0.00034105 0.563523
2.35608 0.000306785 0.563795
2.36174 0.000282527 0.564078
2.36741 0.000258073 0.564389
2.37308 0.000231513 0.564718
2.37875 0.000194252 0.565066
2.38441 0.000151465 0.565421
2.39008 0.000104892 0.56578
2.39575 5.98545e-05 0.566147
2.40142 2.44129e-05 0.566525
2.40708 -4.63091e-06 0.566919
2.41275 -3.03501e-05 0.567335
2.41842 -5.75407e-05 0.567773
2.42409 -9.32843e-05 0.568229
2.42976 -0.000137934 0.568698
2.43542 -0.000185365 0.569173
2.44109 -0.000232644 0.569654
2.44676 -0.000274242 0.57015
2.45243 -0.00030568 0.570659
2.45809 -0.000333016 0.57119
2.46376 -0.000362072 0.571743
2.46943 -0.000399231 0.572321
2.4751 -0.000444287 0.57291
2.48076 -0.000495155 0.573507
2.48643 -0.000544001 0.574116
2.4921 -0.000588263 0.574731
2.49777 -0.000625145 0.575365
2.50344 -0.000657685 0.576022
2.5091 -0.000687865 0.576703
2.51477 -0.000725286 0.577406
2.52044 -0.000771491 0.578126
2.52611 -0.00082577 0.578858
2.53177 -0.000876546 0.579599
2.53744 -0.000927643 0.580351
2.54311 -0.000966906 0.581121
2.54878 -0.00100295 0.581915
2.55444 -0.00103816 0.582732
2.56011 -0.00107863 0.583575
2.56578 -0.00112669 0.584438
2.57145 -0.00118224 0.585314
2.57711 -0.00123906 0.586202
2.58278 -0.00129283 0.587105
2.58845 -0.0013412 0.588023
2.59412 -0.00138086 0.588966
2.59979 -0.0014213 0.589937
2.60545 -0.00146356 0.590931
2.61112 -0.00151515 0.591952
2.61679 -0.00157406 0.59299
2.62246 -0.00163666 0.594041
2.62812 -0.0016945 0.595106
2.63379 -0.00175007 0.596191
2.63946 -0.00179545 0.597301
2.64513 -0.00183976 0.598443
2.65079 -0.00188881 0.59961
2.65646 -0.00194427 0.600806
2.66213 -0.00200782 0.602021
2.6678 -0.00207643 0.603254
2.67347 -0.00214195 0.604502
2.67913 -0.00220127 0.605776
2.6848 -0.00225682 0.607073
2.69047 -0.00230794 0.608405
2.69614 -0.00236326 0.609769
2.7018 -0.00242539 0.611162
2.70747 -0.00249596 0.612581
2.71314 -0.00257059 0.61402
2.71881 -0.0026437 0.61548
2.72447 -0.00271389 0.616963
2.73014 -0.00277618 0.618475
2.73581 -0.00283699 0.620025
2.74148 -0.00289885 0.621613
2.74715 -0.0029704 0.623232
2.75281 -0.00304932 0.624881
2.75848 -0.0031337 0.626553
2.76415 -0.00321755 0.628254
2.76982 -0.00329747 0.629981
2.77548 -0.00337301 0.631741
2.78115 -0.003442 0.633543
2.78682 -0.00351602 0.635386
2.79249 -0.00359943 0.63727
2.79815 -0.00368803 0.639187
2.80382 -0.00378486 0.641135
2.80949 -0.00388145 0.643111
2.81516 -0.00397446 0.645125
2.82082 -0.00406102 0.647175
2.82649 -0.00414913 0.649275
2.83216 -0.00423486 0.651417
2.83783 -0.00433205 0.65361
2.8435 -0.0044377 0.655843
2.84916 -0.0045486 0.658113
2.85483 -0.00466376 0.660421
2.8605 -0.0047736 0.66277
2.86617 -0.00487982 0.665167
2.87183 -0.00498345 0.667616
2.8775 -0.00509032 0.670121
2.88317 -0.00520512 0.672681
2.88884 -0.00533087 0.675292
2.8945 -0.00546389 0.67795
2.90017 -0.00559927 0.680656
2.90584 -0.00573373 0.683412
2.91151 -0.00586352 0.686224
2.91718 -0.00599282 0.689101
2.92284 -0.00612529 0.692044
2.92851 -0.0062674 0.695054
2.93418 -0.00642014 0.698127
2.93985 -0.00658112 0.70126
2.94551 -0.00674734 0.704453
2.95118 -0.00691303 0.707711
2.95685 -0.00707607 0.71104
2.96252 -0.00724015 0.714446
2.96818 -0.00740797 0.717936
2.97385 -0.00758789 0.721506
2.97952 -0.00777912 0.725157
2.98519 -0.0079826 0.728886
2.99085 -0.00819063 0.732691
2.99652 -0.00840081 0.736583
3.00219 -0.00861029 0.740564
3.00786 -0.00882388 0.744646
3.01353 -0.00904576 0.748829
3.01919 -0.00928141 0.753119
3.02486 -0.00953009 0.757512
3.03053 -0.00979188 0.76201
3.0362 -0.0100638 0.766612
3.04186 -0.0103403 0.771329
3.04753 -0.0106233 0.776165
3.0532 -0.0109122 0.781132
3.05887 -0.0112133 0.786236
3.06453 -0.0115308 0.791479
3.0702 -0.0118679 0.796864
3.07587 -0.012225 0.802392
3.08154 -0.0125951 0.808068
3.08721 -0.012979 0.813902
3.09287 -0.013374 0.819904
3.09854 -0.0137845 0.826088
3.10421 -0.0142155 0.832459
3.10988 -0.0146711 0.839028
3.11554 -0.0151555 0.845799
3.12121 -0.0156699 0.852781
3.12688 -0.0162105 0.85998
3.13255 -0.016776 0.867413
3.13821 -0.0173696 0.875094
3.14388 -0.0179926 0.883043
3.14955 -0.0186549 0.891276
3.15522 -0.0193616 0.899807
3.16088 -0.0201182 0.908651
3.16655 -0.0209279 0.917828
3.17222 -0.0217927 0.927352
3.17789 -0.0227165 0.937253
3.18356 -0.0237029 0.947559
3.18922 -0.0247598 0.958302
3.19489 -0.0259002 0.969518
3.20056 -0.0271373 0.981245
3.20623 -0.0284867 0.99352
3.21189 -0.0299651 1.00638
3.21756 -0.0315845 1.01988
3.22323 -0.0333647 1.03408
3.2289 -0.0353225 1.04905
3.23456 -0.0374891 1.06486
3.24023 -0.0399053 1.08163
3.2459 -0.0426304 1.09945
3.25157 -0.04574 1.11845
3.25724 -0.049322 1.13876
3.2629 -0.0534747 1.16053
3.26857 -0.0583182 1.18397
3.27424 -0.0640169 1.20932
3.27991 -0.0708371 1.23695
3.28557 -0.0792209 1.26725
3.29124 -0.0898704 1.30063
3.29691 -0.103813 1.3374
3.30258 -0.122392 1.37752
3.30824 -0.147188 1.42049
3.31391 -0.179804 1.46515
3.31958 -0.221588 1.50964
3.32525 -0.273292 1.55145
3.33091 -0.334794 1.58767
3.33658 -0.404913 1.6154
3.34225 -0.481438 1.63212
3.34792 -0.561321 1.63617
3.35359 -0.641064 1.62701
3.35925 -0.717212 1.6053
3.36492 -0.786805 1.57279
3.37059 -0.847742 1.53201
3.37626 -0.898964 1.48585
3.38192 -0.940418 1.43713
3.38759 -0.972888 1.38822
3.39326 -0.997669 1.3409
3.39893 -1.01627 1.29626
3.40459 -1.03017 1.25478
3.41026 -1.04058 1.21653
3.41593 -1.04847 1.18133
3.4216 -1.05452 1.1489
3.42727 -1.05922 1.11894
3.43293 -1.06294 1.09121
3.4386 -1.06596 1.06546
3.44427 -1.06854 1.04148
3.44994 -1.07087 1.01902
3.4556 -1.07309 0.99784
3.46127 -1.07525 0.977717
3.46694 -1.07738 0.958464
3.47261 -1.07945 0.939923
3.47827 -1.08142 0.921996
3.48394 -1.08326 0.904624
3.48961 -1.08495 0.887756
3.49528 -1.08649 0.871346
3.50094 -1.08784 0.855349
3.50661 -1.08899 0.839711
3.51228 -1.08986 0.824414
3.51795 -1.09039 0.809473
3.52362 -1.0905 0.794959
3.52928 -1.09016 0.780986
3.53495 -1.08942 0.767689
3.54062 -1.08837 0.755199
3.54629 -1.08718 0.743604
3.55195 -1.08606 0.732912
3.55762 -1.0852 0.723057
3.56329 -1.08476 0.7139
3.56896 -1.08484 0.705248
3.57462 -1.08542 0.696924
3.58029 -1.08644 0.688771
3.58596 -1.0878 0.680715
3.59163 -1.08941 0.672735
3.5973 -1.09119 0.664867
3.60296 -1.09315 0.657172
3.60863 -1.09535 0.64967
3.6143 -1.09786 0.642351
3.61997 -1.10076 0.635124
3.62563 -1.10409 0.627856
3.6313 -1.10779 0.620401
3.63697 -1.11176 0.612641
3.64264 -1.11582 0.604499
3.6483 -1.11981 0.59601
3.65397 -1.12357 0.587254
3.65964 -1.12699 0.578386
3.66531 -1.13006 0.569578
3.67097 -1.13281 0.560994
3.67664 -1.13536 0.552745
3.68231 -1.13782 0.544917
3.68798 -1.14032 0.537522
3.69365 -1.14297 0.530565
3.69931 -1.14588 0.524009
3.70498 -1.14914 0.517819
3.71065 -1.15282 0.511936
3.71632 -1.15701 0.506305
3.72198 -1.16176 0.500842
3.72765 -1.16715 0.495443
3.73332 -1.17318 0.489987
3.73899 -1.17984 0.484348
3.74465 -1.1871 0.478419
3.75032 -1.19485 0.472113
3.75599 -1.20299 0.465394
3.76166 -1.21141 0.458286
3.76733 -1.22003 0.450858
3.77299 -1.22885 0.443225
3.77866 -1.23791 0.435491
3.78433 -1.24733 0.427746
3.79 -1.25727 0.42
3.79566 -1.26791 0.412227
3.80133 -1.27942 0.404305
3.807 -1.29191 0.396089
3.81267 -1.30545 0.387419
3.81833 -1.32007 0.378178
3.824 -1.33587 0.368289
3.82967 -1.35302 0.357688
3.83534 -1.3718 0.346233
3.841 -1.39265 0.333604
3.84667 -1.41603 0.319185
3.85234 -1.44226 0.301972
3.85801 -1.47132 0.280622
3.86368 -1.50261 0.253566
3.86934 -1.53483 0.219292
3.87501 -1.56594 0.176655
3.88068 -1.59334 0.125303
3.88635 -1.61419 0.0658278
3.89201 -1.62585 -5.50577e-05
3.89768 -1.62639 -0.0696868
3.90335 -1.61491 -0.139783
3.90902 -1.59172 -0.20694
3.91468 -1.55833 -0.268096
3.92035 -1.51711 -0.321039
3.92602 -1.47093 -0.364557
3.93169 -1.42267 -0.398524
3.93736 -1.37477 -0.42375
3.94302 -1.32908 -0.44162
3.94869 -1.28664 -0.453784
3.95436 -1.24788 -0.461848
3.96003 -1.21271 -0.467146
3.96569 -1.18075 -0.470668
3.97136 -1.15152 -0.473065
3.97703 -1.12456 -0.474712
3.9827 -1.0995 -0.475795
3.98836 -1.0761 -0.476426
3.99403 -1.05418 -0.476689
3.9997 -1.03364 -0.476652
4.00537 -1.01439 -0.476432
4.01104 -0.996322 -0.476147
4.0167 -0.979356 -0.475922
4.02237 -0.963327 -0.475887
4.02804 -0.948082 -0.476133
4.03371 -0.933415 -0.476713
4.03937 -0.919136 -0.477615
4.04504 -0.905058 -0.478777
4.05071 -0.891053 -0.480089
4.05638 -0.877033 -0.48141
4.06204 -0.862982 -0.482596
4.06771 -0.848933 -0.483532
4.07338 -0.834955 -0.484128
4.07905 -0.821124 -0.484349
4.08471 -0.807531 -0.48419
4.09038 -0.794236 -0.483671
4.09605 -0.781279 -0.482841
4.10172 -0.768688 -0.481743
4.10739 -0.756468 -0.480425
4.11305 -0.744609 -0.478918
4.11872 -0.733098 -0.477247
4.12439 -0.721927 -0.475425
4.13006 -0.711091 -0.473466
4.13572 -0.700592 -0.471369
4.14139 -0.690444 -0.469149
4.14706 -0.680661 -0.466825
4.15273 -0.671259 -0.464438
4.15839 -0.662239 -0.462027
4.16406 -0.653596 -0.459648
4.16973 -0.645293 -0.457353
4.1754 -0.637294 -0.455181
4.18107 -0.629534 -0.453164
4.18673 -0.621949 -0.451314
4.1924 -0.614473 -0.449615
4.19807 -0.607049 -0.448043
4.20374 -0.599622 -0.44655
4.2094 -0.592164 -0.445075
4.21507 -0.584661 -0.443542
4.22074 -0.577131 -0.441879
4.22641 -0.569621 -0.440015
4.23207 -0.562208 -0.437903
4.23774 -0.554987 -0.43553
4.24341 -0.548062 -0.432924
4.24908 -0.541518 -0.430157
4.25474 -0.5354 -0.427341
4.26041 -0.529707 -0.424598
4.26608 -0.524386 -0.422041
4.27175 -0.519339 -0.419746
4.27742 -0.514446 -0.417744
4.28308 -0.509593 -0.416011
4.28875 -0.5047 -0.414475
4.29442 -0.499724 -0.413052
4.30009 -0.49467 -0.411656
4.30575 -0.489575 -0.41023
4.31142 -0.484489 -0.408741
4.31709 -0.479454 -0.407195
4.32276 -0.474498 -0.405608
4.32842 -0.469624 -0.403995
4.33409 -0.464829 -0.402364
4.33976 -0.460109 -0.400711
4.34543 -0.455478 -0.399016
4.3511 -0.450962 -0.397271
4.35676 -0.446604 -0.395491
4.36243 -0.442446 -0.393711
4.3681 -0.438507 -0.391998
4.37377 -0.434771 -0.390435
4.37943 -0.431186 -0.389097
4.3851 -0.427655 -0.388035
4.39077 -0.424064 -0.387251
4.39644 -0.420298 -0.386699
4.4021 -0.416265 -0.386282
4.40777 -0.411928 -0.385865
4.41344 -0.407302 -0.385309
4.41911 -0.402467 -0.384492
4.42477 -0.397543 -0.383338
4.43044 -0.392673 -0.381827
4.43611 -0.387987 -0.38
4.44178 -0.383588 -0.37795
4.44745 -0.379518 -0.375796
4.45311 -0.375775 -0.373655
4.45878 -0.372299 -0.371625
4.46445 -0.369011 -0.369762
4.47012 -0.365822 -0.368076
4.47578 -0.362665 -0.36654
4.48145 -0.359494 -0.365109
4.48712 -0.356304 -0.363732
4.49279 -0.353108 -0.362376
4.49845 -0.349935 -0.361026
4.50412 -0.346806 -0.359693
4.50979 -0.343726 -0.358402
4.51546 -0.34068 -0.357179
4.52113 -0.337635 -0.356034
4.52679 -0.33455 -0.35496
4.53246 -0.331391 -0.353925
4.53813 -0.328143 -0.352884
4.5438 -0.324813 -0.351786
4.54946 -0.32143 -0.350592
4.55513 -0.318034 -0.349279
4.5608 -0.31467 -0.347843
4.56647 -0.311374 -0.346299
4.57213 -0.308167 -0.344666
4.5778 -0.305065 -0.342967
4.58347 -0.302071 -0.341218
4.58914 -0.299193 -0.339432
4.5948 -0.296442 -0.337623
4.60047 -0.293827 -0.33581
4.60614 -0.291359 -0.334022
4.61181 -0.289031 -0.332298
4.61748 -0.286825 -0.330673
4.62314 -0.284703 -0.32918
4.62881 -0.282614 -0.327832
4.63448 -0.280504 -0.326615
4.64015 -0.278328 -0.325501
4.64581 -0.27606 -0.324437
4.65148 -0.2737 -0.323369
4.65715 -0.271271 -0.322248
4.66282 -0.268814 -0.321047
4.66848 -0.266377 -0.319759
4.67415 -0.263997 -0.318403
4.67982 -0.261697 -0.317009
4.68549 -0.259477 -0.31561
4.69116 -0.257322 -0.314228
4.69682 -0.255209 -0.312871
4.70249 -0.253122 -0.311529
4.70816 -0.251056 -0.310186
4.71383 -0.24902 -0.308827
4.71949 -0.247031 -0.307447
4.72516 -0.245108 -0.306054
4.73083 -0.243258 -0.304662
4.7365 -0.241481 -0.303289
4.74216 -0.239771 -0.30194
4.74783 -0.238123 -0.300617
4.7535 -0.236546 -0.299317
4.75917 -0.235056 -0.298046
4.76483 -0.233673 -0.296826
4.7705 -0.232409 -0.2957
4.77617 -0.23125 -0.294725
4.78184 -0.230153 -0.293955
4.78751 -0.229044 -0.293428
4.79317 -0.227826 -0.293144
4.79884 -0.226405 -0.293059
4.80451 -0.224709 -0.293093
4.81018 -0.222703 -0.293131
4.81584 -0.2204 -0.293055
4.82151 -0.217859 -0.292758
4.82718 -0.215179 -0.292166
4.83285 -0.212479 -0.291245
4.83851 -0.209882 -0.29001
4.84418 -0.207494 -0.288519
4.84985 -0.205396 -0.286867
4.85552 -0.203624 -0.285176
4.86118 -0.202167 -0.283569
4.86685 -0.200966 -0.282159
4.87252 -0.19992 -0.281027
4.87819 -0.198904 -0.280206
4.88386 -0.197788 -0.279679
4.88952 -0.196461 -0.279371
4.89519 -0.194853 -0.279171
4.90086 -0.192948 -0.278949
4.90653 -0.190785 -0.278582
4.91219 -0.188453 -0.27798
4.91786 -0.186063 -0.277101
4.92353 -0.183728 -0.275954
4.9292 -0.181538 -0.274591
4.93486 -0.179549 -0.273095
4.94053 -0.177774 -0.27155
4.9462 -0.17619 -0.270031
4.95187 -0.174751 -0.268585
4.95754 -0.173405 -0.267233
4.9632 -0.172106 -0.265969
4.96887 -0.170824 -0.264772
4.97454 -0.169549 -0.263613
4.98021 -0.16829 -0.262472
4.98587 -0.167064 -0.261341
4.99154 -0.165893 -0.260228
4.99721 -0.164786 -0.259158
5.00288 -0.16374 -0.258164
5.00854 -0.162731 -0.257279
5.01421 -0.161711 -0.256524
5.01988 -0.160621 -0.255895
5.02555 -0.159407 -0.255356
5.03121 -0.158031 -0.254846
5.03688 -0.156486 -0.254287
5.04255 -0.154805 -0.253605
5.04822 -0.153051 -0.252742
5.05389 -0.151306 -0.251679
5.05955 -0.149651 -0.250432
5.06522 -0.148154 -0.24905
5.07089 -0.146853 -0.247598
5.07656 -0.145754 -0.246152
5.08222 -0.144842 -0.244779
5.08789 -0.144076 -0.243534
5.09356 -0.143402 -0.24245
5.09923 -0.142759 -0.241544
5.10489 -0.142087 -0.240809
5.11056 -0.141327 -0.240215
5.11623 -0.14044 -0.239716
5.1219 -0.139409 -0.23925
5.12757 -0.138243 -0.238758
5.13323 -0.13697 -0.238192
5.1389 -0.135637 -0.237523
5.14457 -0.134289 -0.236744
5.15024 -0.132968 -0.235866
5.1559 -0.1317 -0.23491
5.16157 -0.130503 -0.233897
5.16724 -0.129388 -0.23285
5.17291 -0.128361 -0.23179
5.17857 -0.127426 -0.230742
5.18424 -0.126582 -0.229733
5.18991 -0.125814 -0.228795
5.19558 -0.125097 -0.227951
5.20124 -0.124392 -0.227217
5.20691 -0.123656 -0.226587
5.21258 -0.122853 -0.226037
5.21825 -0.121962 -0.22553
5.22392 -0.120983 -0.225025
5.22958 -0.119931 -0.224492
5.23525 -0.11883 -0.223912
5.24092 -0.117705 -0.223282
5.24659 -0.116569 -0.222607
5.25225 -0.115428 -0.221891
5.25792 -0.114286 -0.221133
5.26359 -0.11315 -0.220326
5.26926 -0.112033 -0.219463
5.27492 -0.11096 -0.218545
5.28059 -0.109954 -0.217586
5.28626 -0.109031 -0.216613
5.29193 -0.108192 -0.215659
5.2976 -0.107424 -0.214756
5.30326 -0.106698 -0.213922
5.30893 -0.105984 -0.213165
5.3146 -0.105253 -0.212477
5.32027 -0.104483 -0.211842
5.32593 -0.103662 -0.211238
5.3316 -0.102783 -0.210643
5.33727 -0.101847 -0.210036
5.34294 -0.100862 -0.209395
5.3486 -0.0998411 -0.208702
5.35427 -0.0988056 -0.207942
5.35994 -0.0977801 -0.207112
5.36561 -0.0967905 -0.206213
5.37127 -0.0958581 -0.205262
5.37694 -0.0949979 -0.204276
5.38261 -0.0942177 -0.203278
5.38828 -0.0935182 -0.202291
5.39395 -0.0928929 -0.201337
5.39961 -0.0923316 -0.200434
5.40528 -0.0918164 -0.1996
5.41095 -0.091323 -0.198846
5.41662 -0.090822 -0.198175
5.42228 -0.0902822 -0.197573
5.42795 -0.0896811 -0.197016
5.43362 -0.0890105 -0.196469
5.43929 -0.0882802 -0.195895
5.44495 -0.0875177 -0.19527
5.45062 -0.0867574 -0.194588
5.45629 -0.0860313 -0.193862
5.46196 -0.0853566 -0.193117
5.46763 -0.0847351 -0.192383
5.47329 -0.0841528 -0.191681
5.47896 -0.0835894 -0.191023
5.48463 -0.0830258 -0.190407
5.4903 -0.0824491 -0.189825
5.49596 -0.0818524 -0.189267
5.50163 -0.0812329 -0.188726
5.5073 -0.0805886 -0.188196
5.51297 -0.0799164 -0.187668
5.51863 -0.0792157 -0.187133
5.5243 -0.0784896 -0.186581
5.52997 -0.0777465 -0.186004
5.53564 -0.0769968 -0.185396
5.54131 -0.0762506 -0.18476
5.54697 -0.075515 -0.184099
5.55264 -0.0747919 -0.183419
5.55831 -0.0740809 -0.182721
5.56398 -0.0733823 -0.182003
5.56964 -0.0727006 -0.181262
5.57531 -0.0720437 -0.180493
5.58098 -0.0714239 -0.179698
5.58665 -0.0708553 -0.178884
5.59231 -0.0703502 -0.178063
5.59798 -0.0699171 -0.177255
5.60365 -0.0695571 -0.176485
5.60932 -0.0692601 -0.175781
5.61499 -0.0690037 -0.175164
5.62065 -0.0687566 -0.174649
5.62632 -0.068483 -0.174232
5.63199 -0.0681511 -0.1739
5.63766 -0.0677406 -0.173624
5.64332 -0.0672434 -0.173377
5.64899 -0.0666603 -0.173134
5.65466 -0.0659963 -0.172878
5.66033 -0.0652541 -0.172592
5.66599 -0.0644358 -0.172256
5.67166 -0.0635481 -0.171845
5.67733 -0.0626123 -0.171325
5.683 -0.0616673 -0.170674
5.68866 -0.0607677 -0.169883
5.69433 -0.0599724 -0.168975
5.7 -0.059327 -0.167999
