0 0.0265156 1.97245e-22
0.0015625 0.0265161 -0.00249276
0.003125 0.0265174 -0.0049856
0.0046875 0.0265195 -0.0074786
0.00625 0.0265226 -0.00997184
0.0078125 0.0265265 -0.0124654
0.009375 0.0265313 -0.0149594
0.0109375 0.0265369 -0.0174538
0.0125 0.0265434 -0.0199489
0.0140625 0.0265508 -0.0224446
0.015625 0.0265591 -0.024941
0.0171875 0.0265682 -0.0274382
0.01875 0.0265783 -0.0299363
0.0203125 0.0265892 -0.0324354
0.021875 0.026601 -0.0349356
0.0234375 0.0266136 -0.0374369
0.025 0.0266272 -0.0399394
0.0265625 0.0266416 -0.0424433
0.028125 0.026657 -0.0449485
0.0296875 0.0266732 -0.0474552
0.03125 0.0266903 -0.0499635
0.0328125 0.0267084 -0.0524734
0.034375 0.0267273 -0.054985
0.0359375 0.0267472 -0.0574985
0.0375 0.0267679 -0.0600138
0.0390625 0.0267896 -0.0625311
0.040625 0.0268122 -0.0650505
0.0421875 0.0268357 -0.0675721
0.04375 0.0268602 -0.0700959
0.0453125 0.0268855 -0.072622
0.046875 0.0269119 -0.0751505
0.0484375 0.0269391 -0.0776816
0.05 0.0269673 -0.0802152
0.0515625 0.0269965 -0.0827515
0.053125 0.0270266 -0.0852906
0.0546875 0.0270577 -0.0878325
0.05625 0.0270898 -0.0903774
0.0578125 0.0271228 -0.0929254
0.059375 0.0271569 -0.0954764
0.0609375 0.0271919 -0.0980307
0.0625 0.0272279 -0.100588
0.0640625 0.0272649 -0.103149
0.065625 0.027303 -0.105714
0.0671875 0.027342 -0.108282
0.06875 0.0273821 -0.110854
0.0703125 0.0274233 -0.113429
0.071875 0.0274654 -0.116009
0.0734375 0.0275087 -0.118592
0.075 0.027553 -0.12118
0.0765625 0.0275984 -0.123772
0.078125 0.0276448 -0.126368
0.0796875 0.0276924 -0.128968
0.08125 0.027741 -0.131573
0.0828125 0.0277908 -0.134183
0.084375 0.0278416 -0.136797
0.0859375 0.0278937 -0.139416
0.0875 0.0279468 -0.14204
0.0890625 0.0280012 -0.144669
0.090625 0.0280567 -0.147303
0.0921875 0.0281133 -0.149942
0.09375 0.0281712 -0.152587
0.0953125 0.0282303 -0.155237
0.096875 0.0282906 -0.157893
0.0984375 0.0283521 -0.160554
0.1 0.0284149 -0.163221
0.101562 0.0284789 -0.165894
0.103125 0.0285442 -0.168574
0.104688 0.0286108 -0.171259
0.10625 0.0286788 -0.17395
0.107813 0.028748 -0.176648
0.109375 0.0288186 -0.179353
0.110937 0.0288905 -0.182064
0.1125 0.0289638 -0.184782
0.114062 0.0290385 -0.187507
0.115625 0.0291146 -0.190238
0.117188 0.0291922 -0.192977
0.11875 0.0292712 -0.195724
0.120313 0.0293516 -0.198477
0.121875 0.0294336 -0.201239
0.123437 0.029517 -0.204008
0.125 0.029602 -0.206785
0.126562 0.0296885 -0.209569
0.128125 0.0297767 -0.212362
0.129688 0.0298664 -0.215164
0.13125 0.0299577 -0.217973
0.132812 0.0300507 -0.220792
0.134375 0.0301453 -0.223619
0.135937 0.0302416 -0.226455
0.1375 0.0303397 -0.2293
0.139063 0.0304395 -0.232154
0.140625 0.0305411 -0.235017
0.142187 0.0306445 -0.23789
0.14375 0.0307497 -0.240773
0.145313 0.0308568 -0.243666
0.146875 0.0309658 -0.246569
0.148438 0.0310767 -0.249482
0.15 0.0311896 -0.252405
0.151563 0.0313045 -0.255339
0.153125 0.0314214 -0.258284
0.154688 0.0315403 -0.26124
0.15625 0.0316614 -0.264206
0.157812 0.0317846 -0.267185
0.159375 0.03191 -0.270175
0.160938 0.0320377 -0.273176
0.1625 0.0321675 -0.27619
0.164062 0.0322997 -0.279215
0.165625 0.0324343 -0.282254
0.167187 0.0325712 -0.285304
0.16875 0.0327106 -0.288368
0.170313 0.0328524 -0.291445
0.171875 0.0329968 -0.294534
0.173438 0.0331438 -0.297638
0.175 0.0332934 -0.300755
0.176563 0.0334457 -0.303886
0.178125 0.0336008 -0.307032
0.179688 0.0337587 -0.310192
0.18125 0.0339194 -0.313367
0.182813 0.0340831 -0.316556
0.184375 0.0342498 -0.319761
0.185938 0.0344195 -0.322982
0.1875 0.0345924 -0.326219
0.189062 0.0347685 -0.329471
0.190625 0.0349478 -0.332741
0.192188 0.0351305 -0.336027
0.19375 0.0353166 -0.33933
0.195312 0.0355062 -0.34265
0.196875 0.0356994 -0.345988
0.198437 0.0358963 -0.349344
0.2 0.036097 -0.352719
0.201563 0.0363015 -0.356112
0.203125 0.0365099 -0.359524
0.204688 0.0367225 -0.362956
0.20625 0.0369391 -0.366407
0.207813 0.0371601 -0.369879
0.209375 0.0373854 -0.373371
0.210938 0.0376152 -0.376884
0.2125 0.0378496 -0.380419
0.214063 0.0380887 -0.383975
0.215625 0.0383328 -0.387554
0.217188 0.0385818 -0.391155
0.21875 0.038836 -0.394779
0.220312 0.0390954 -0.398427
0.221875 0.0393603 -0.402099
0.223438 0.0396308 -0.405796
0.225 0.0399071 -0.409517
0.226563 0.0401893 -0.413264
0.228125 0.0404776 -0.417037
0.229688 0.0407722 -0.420837
0.23125 0.0410734 -0.424664
0.232812 0.0413812 -0.428519
0.234375 0.041696 -0.432402
0.235937 0.042018 -0.436314
0.2375 0.0423473 -0.440256
0.239063 0.0426843 -0.444227
0.240625 0.0430292 -0.44823
0.242188 0.0433822 -0.452265
0.24375 0.0437437 -0.456331
0.245313 0.044114 -0.460431
0.246875 0.0444933 -0.464564
0.248438 0.044882 -0.468732
0.25 0.0452805 -0.472935
0.251563 0.0456891 -0.477175
0.253125 0.0461082 -0.481451
0.254688 0.0465382 -0.485765
0.25625 0.0469795 -0.490118
0.257812 0.0474326 -0.49451
0.259375 0.047898 -0.498943
0.260937 0.0483762 -0.503418
0.2625 0.0488676 -0.507935
0.264063 0.049373 -0.512496
0.265625 0.0498927 -0.517102
0.267188 0.0504276 -0.521754
0.26875 0.0509782 -0.526452
0.270313 0.0515453 -0.531199
0.271875 0.0521295 -0.535995
0.273438 0.0527318 -0.540842
0.275 0.0533529 -0.545741
0.276562 0.0539938 -0.550693
0.278125 0.0546553 -0.555701
0.279687 0.0553385 -0.560764
0.28125 0.0560445 -0.565885
0.282813 0.0567744 -0.571065
0.284375 0.0575295 -0.576306
0.285938 0.058311 -0.581609
0.2875 0.0591202 -0.586976
0.289062 0.0599588 -0.592409
0.290625 0.0608281 -0.59791
0.292188 0.06173 -0.60348
0.29375 0.0626662 -0.609121
0.295312 0.0636385 -0.614836
0.296875 0.0646491 -0.620626
0.298437 0.0657 -0.626492
0.3 0.0667937 -0.632439
0.301563 0.0679324 -0.638466
0.303125 0.0691189 -0.644577
0.304688 0.070356 -0.650773
0.30625 0.0716467 -0.657058
0.307812 0.0729943 -0.663432
0.309375 0.074402 -0.669899
0.310938 0.0758736 -0.676461
0.3125 0.077413 -0.68312
0.314063 0.0790243 -0.689877
0.315625 0.0807119 -0.696737
0.317188 0.0824806 -0.7037
0.31875 0.0843355 -0.71077
0.320312 0.086282 -0.717947
0.321875 0.0883257 -0.725235
0.323437 0.0904727 -0.732635
0.325 0.0927294 -0.740149
0.326563 0.0951028 -0.747779
0.328125 0.0976002 -0.755526
0.329688 0.10023 -0.763392
0.33125 0.102999 -0.771378
0.332813 0.105917 -0.779484
0.334375 0.108992 -0.787711
0.335938 0.112235 -0.796059
0.3375 0.115655 -0.804528
0.339062 0.119264 -0.813116
0.340625 0.123072 -0.821823
0.342187 0.127091 -0.830645
0.34375 0.131334 -0.839581
0.345313 0.135812 -0.848626
0.346875 0.140539 -0.857776
0.348438 0.145528 -0.867026
0.35 0.150794 -0.876369
0.351562 0.15635 -0.885797
0.353125 0.162211 -0.895302
0.354688 0.168392 -0.904872
0.35625 0.174906 -0.914497
0.357813 0.181767 -0.924163
0.359375 0.188992 -0.933856
0.360937 0.196593 -0.943559
0.3625 0.204584 -0.953254
0.364063 0.212978 -0.96292
0.365625 0.221787 -0.972536
0.367188 0.23102 -0.982078
0.36875 0.240686 -0.99152
0.370312 0.250794 -1.00084
0.371875 0.261348 -1.01
0.373438 0.272353 -1.01898
0.375 0.283811 -1.02774
0.376563 0.29572 -1.03625
0.378125 0.308074 -1.04448
0.379688 0.320866 -1.05239
0.38125 0.334084 -1.05994
0.382812 0.347713 -1.06711
0.384375 0.361738 -1.07387
0.385937 0.376138 -1.08017
0.3875 0.390891 -1.08598
0.389063 0.405967 -1.09128
0.390625 0.421332 -1.09603
0.392188 0.436948 -1.10021
0.39375 0.452778 -1.1038
0.395313 0.468786 -1.10678
0.396875 0.484933 -1.10915
0.398438 0.50118 -1.11088
0.4 0.517481 -1.11196
0.401562 0.533784 -1.1124
0.403125 0.550039 -1.11218
0.404687 0.566202 -1.11134
0.40625 0.582233 -1.10987
0.407813 0.598099 -1.10781
0.409375 0.613763 -1.10515
0.410938 0.629187 -1.10191
0.4125 0.644327 -1.09812
0.414062 0.659145 -1.09381
0.415625 0.67361 -1.089
0.417188 0.687703 -1.08376
0.41875 0.701411 -1.07809
0.420313 0.714723 -1.07204
0.421875 0.727621 -1.06562
0.423437 0.740086 -1.05888
0.425 0.752103 -1.05184
0.426563 0.763665 -1.04455
0.428125 0.774774 -1.03704
0.429688 0.785441 -1.02936
0.43125 0.795672 -1.02151
0.432812 0.805473 -1.01354
0.434375 0.814845 -1.00545
0.435938 0.823791 -0.997281
0.4375 0.832317 -0.989056
0.439062 0.840439 -0.980803
0.440625 0.848173 -0.972546
0.442188 0.855538 -0.964299
0.44375 0.862548 -0.956074
0.445312 0.869217 -0.947883
0.446875 0.875552 -0.939736
0.448438 0.881566 -0.931649
0.45 0.88727 -0.923635
0.451563 0.89268 -0.915709
0.453125 0.897817 -0.90788
0.454687 0.902699 -0.900153
0.45625 0.907341 -0.892526
0.457813 0.911752 -0.884998
0.459375 0.915938 -0.877573
0.460938 0.919905 -0.870259
0.4625 0.923665 -0.863066
0.464063 0.927237 -0.856001
0.465625 0.930639 -0.849062
0.467187 0.933886 -0.842242
0.46875 0.936983 -0.835531
0.470313 0.939929 -0.828928
0.471875 0.942724 -0.822438
0.473438 0.945378 -0.816072
0.475 0.947907 -0.809833
0.476562 0.950329 -0.803718
0.478125 0.952654 -0.797715
0.479688 0.954884 -0.791813
0.48125 0.957014 -0.786007
0.482812 0.959041 -0.780305
0.484375 0.960973 -0.774713
0.485938 0.962822 -0.769236
0.4875 0.964604 -0.763868
0.489063 0.966327 -0.758597
0.490625 0.967989 -0.753414
0.492188 0.969585 -0.748314
0.49375 0.971112 -0.743301
0.495312 0.972574 -0.738382
0.496875 0.973982 -0.73356
0.498437 0.975345 -0.72883
0.5 0.97667 -0.724183
0.501563 0.977956 -0.719612
0.503125 0.9792 -0.715111
0.504687 0.9804 -0.710682
0.50625 0.981554 -0.706328
0.507812 0.98267 -0.702053
0.509375 0.983752 -0.697855
0.510938 0.984809 -0.69373
0.5125 0.985843 -0.689671
0.514063 0.986852 -0.685672
0.515625 0.987833 -0.681729
0.517188 0.988781 -0.677844
0.51875 0.989698 -0.674023
0.520312 0.990588 -0.670267
0.521875 0.99146 -0.666578
0.523438 0.99232 -0.662947
0.525 0.993169 -0.659365
0.526563 0.993999 -0.655826
0.528125 0.994805 -0.652332
0.529688 0.995582 -0.648889
0.53125 0.996337 -0.645505
0.532813 0.99708 -0.642179
0.534375 0.997819 -0.638906
0.535938 0.998554 -0.635672
0.5375 0.999277 -0.632471
0.539062 0.99998 -0.629305
0.540625 1.00066 -0.626182
0.542187 1.00132 -0.623111
0.54375 1.00197 -0.620092
0.545312 1.00262 -0.617116
0.546875 1.00327 -0.614175
0.548438 1.00391 -0.611261
0.55 1.00454 -0.608375
0.551563 1.00515 -0.605526
0.553125 1.00574 -0.602721
0.554688 1.00632 -0.599959
0.55625 1.00691 -0.597235
0.557813 1.00749 -0.594543
0.559375 1.00807 -0.591876
0.560937 1.00864 -0.589233
0.5625 1.0092 -0.586619
0.564063 1.00974 -0.584039
0.565625 1.01028 -0.581496
0.567188 1.01081 -0.578988
0.56875 1.01134 -0.576512
0.570312 1.01187 -0.574059
0.571875 1.0124 -0.571628
0.573438 1.01292 -0.569216
0.575 1.01343 -0.56683
0.576562 1.01392 -0.564476
0.578125 1.01441 -0.562156
0.579688 1.01491 -0.559868
0.58125 1.0154 -0.557603
0.582813 1.0159 -0.555354
0.584375 1.01639 -0.553118
0.585938 1.01687 -0.550902
0.5875 1.01733 -0.548714
0.589063 1.01779 -0.546559
0.590625 1.01825 -0.544436
0.592187 1.01872 -0.542333
0.59375 1.01919 -0.540243
0.595313 1.01966 -0.538163
0.596875 1.02011 -0.536098
0.598437 1.02055 -0.534059
0.6 1.02099 -0.53205
0.601562 1.02143 -0.530069
0.603125 1.02187 -0.528108
0.604688 1.02232 -0.526158
0.60625 1.02277 -0.524219
0.607812 1.0232 -0.522292
0.609375 1.02363 -0.520385
0.610938 1.02405 -0.518503
0.6125 1.02447 -0.516646
0.614062 1.02489 -0.514809
0.615625 1.02532 -0.512987
0.617188 1.02575 -0.511175
0.61875 1.02617 -0.509372
0.620313 1.02659 -0.507583
0.621875 1.02699 -0.505812
0.623437 1.0274 -0.504065
0.625 1.0278 -0.502341
0.626563 1.02821 -0.500634
0.628125 1.02863 -0.498936
0.629687 1.02905 -0.497244
0.63125 1.02945 -0.495559
0.632812 1.02985 -0.493889
0.634375 1.03024 -0.492243
0.635938 1.03063 -0.49062
0.6375 1.03103 -0.489016
0.639063 1.03143 -0.48742
0.640625 1.03184 -0.485827
0.642188 1.03224 -0.484238
0.64375 1.03263 -0.482662
0.645312 1.03301 -0.481107
0.646875 1.03339 -0.479575
0.648438 1.03378 -0.47806
0.65 1.03418 -0.476555
0.651563 1.03458 -0.475052
0.653125 1.03497 -0.473554
0.654688 1.03536 -0.472065
0.65625 1.03574 -0.470593
0.657813 1.03611 -0.46914
0.659375 1.03649 -0.467705
0.660938 1.03688 -0.466282
0.6625 1.03727 -0.464865
0.664062 1.03766 -0.463451
0.665625 1.03804 -0.462042
0.667187 1.03842 -0.460644
0.66875 1.03879 -0.459262
0.670312 1.03916 -0.457899
0.671875 1.03954 -0.456551
0.673438 1.03992 -0.455213
0.675 1.04031 -0.453876
0.676563 1.0407 -0.452539
0.678125 1.04107 -0.451209
0.679688 1.04144 -0.449893
0.68125 1.0418 -0.448597
0.682813 1.04217 -0.447319
0.684375 1.04255 -0.44605
0.685937 1.04294 -0.444782
0.6875 1.04333 -0.443513
0.689063 1.0437 -0.442248
0.690625 1.04407 -0.440995
0.692188 1.04443 -0.43976
0.69375 1.0448 -0.438542
0.695312 1.04517 -0.437335
0.696875 1.04555 -0.436131
0.698438 1.04594 -0.434926
0.7 1.04631 -0.433724
0.701562 1.04668 -0.43253
0.703125 1.04705 -0.431349
0.704688 1.04741 -0.430184
0.70625 1.04778 -0.429033
0.707813 1.04816 -0.427889
0.709375 1.04854 -0.426746
0.710938 1.04892 -0.425603
0.7125 1.04929 -0.424462
0.714063 1.04966 -0.423331
0.715625 1.05002 -0.422215
0.717187 1.05038 -0.421115
0.71875 1.05076 -0.420027
0.720313 1.05114 -0.418941
0.721875 1.05152 -0.417851
0.723437 1.0519 -0.416761
0.725 1.05227 -0.415677
0.726562 1.05263 -0.414608
0.728125 1.05299 -0.413556
0.729688 1.05336 -0.412516
0.73125 1.05374 -0.41148
0.732812 1.05413 -0.410441
0.734375 1.05451 -0.409401
0.735938 1.05488 -0.408364
0.7375 1.05525 -0.407339
0.739062 1.05561 -0.406329
0.740625 1.05598 -0.405331
0.742188 1.05636 -0.40434
0.74375 1.05674 -0.40335
0.745313 1.05712 -0.402359
0.746875 1.0575 -0.401368
0.748437 1.05787 -0.400382
0.75 1.05824 -0.399409
0.751563 1.05861 -0.398449
0.753125 1.05898 -0.397502
0.754687 1.05936 -0.396558
0.75625 1.05975 -0.395613
0.757812 1.06014 -0.394663
0.759375 1.06052 -0.393715
0.760938 1.06088 -0.392777
0.7625 1.06125 -0.391855
0.764063 1.06162 -0.390946
0.765625 1.06201 -0.390044
0.767188 1.0624 -0.389139
0.76875 1.06279 -0.38823
0.770312 1.06317 -0.387321
0.771875 1.06355 -0.386419
0.773438 1.06392 -0.38553
0.775 1.06429 -0.384654
0.776563 1.06467 -0.383787
0.778125 1.06506 -0.382921
0.779688 1.06546 -0.382053
0.78125 1.06585 -0.381182
0.782813 1.06623 -0.380314
0.784375 1.06661 -0.379455
0.785938 1.06698 -0.378608
0.7875 1.06736 -0.377774
0.789062 1.06775 -0.376945
0.790625 1.06815 -0.376116
0.792187 1.06854 -0.375282
0.79375 1.06894 -0.374445
0.795312 1.06932 -0.373614
0.796875 1.06969 -0.372796
0.798438 1.07007 -0.371992
0.8 1.07046 -0.371197
0.801563 1.07086 -0.370402
0.803125 1.07127 -0.369602
0.804688 1.07166 -0.368798
0.80625 1.07205 -0.367997
0.807813 1.07244 -0.367206
0.809375 1.07282 -0.366428
0.810937 1.07321 -0.365661
0.8125 1.07361 -0.364897
0.814063 1.07402 -0.364131
0.815625 1.07442 -0.363361
0.817188 1.07482 -0.36259
0.81875 1.07521 -0.361824
0.820312 1.0756 -0.361068
0.821875 1.07599 -0.360325
0.823438 1.07639 -0.359591
0.825 1.07679 -0.358857
0.826562 1.07721 -0.35812
0.828125 1.07762 -0.357377
0.829688 1.07802 -0.356635
0.83125 1.07841 -0.355902
0.832813 1.0788 -0.355182
0.834375 1.0792 -0.354474
0.835938 1.07961 -0.353769
0.8375 1.08003 -0.353061
0.839063 1.08044 -0.352347
0.840625 1.08085 -0.351631
0.842187 1.08125 -0.350921
0.84375 1.08165 -0.350223
0.845313 1.08205 -0.349535
0.846875 1.08246 -0.348855
0.848437 1.08288 -0.348175
0.85 1.0833 -0.347491
0.851563 1.08372 -0.346803
0.853125 1.08414 -0.346115
0.854688 1.08454 -0.345434
0.85625 1.08495 -0.344765
0.857812 1.08536 -0.344107
0.859375 1.08578 -0.343454
0.860938 1.0862 -0.342799
0.8625 1.08663 -0.342136
0.864063 1.08705 -0.341471
0.865625 1.08747 -0.340809
0.867188 1.08788 -0.340158
0.86875 1.08829 -0.33952
0.870313 1.08871 -0.33889
0.871875 1.08914 -0.338259
0.873438 1.08958 -0.337622
0.875 1.09001 -0.336981
0.876562 1.09043 -0.33634
0.878125 1.09085 -0.335707
0.879687 1.09127 -0.335085
0.88125 1.09169 -0.334472
0.882812 1.09212 -0.333864
0.884375 1.09256 -0.333254
0.885938 1.09301 -0.332638
0.8875 1.09344 -0.332018
0.889062 1.09387 -0.3314
0.890625 1.09429 -0.330793
0.892188 1.09472 -0.330197
0.89375 1.09515 -0.32961
0.895313 1.0956 -0.329023
0.896875 1.09604 -0.328431
0.898437 1.09649 -0.327832
0.9 1.09693 -0.327233
0.901563 1.09736 -0.32664
0.903125 1.09779 -0.326059
0.904688 1.09823 -0.325489
0.90625 1.09867 -0.324922
0.907813 1.09913 -0.324353
0.909375 1.09958 -0.323777
0.910937 1.10003 -0.323198
0.9125 1.10048 -0.322621
0.914062 1.10092 -0.322052
0.915625 1.10136 -0.321494
0.917188 1.1018 -0.320945
0.91875 1.10226 -0.320398
0.920312 1.10272 -0.319846
0.921875 1.10319 -0.319287
0.923438 1.10364 -0.318725
0.925 1.10409 -0.318169
0.926563 1.10453 -0.317624
0.928125 1.10498 -0.31709
0.929688 1.10544 -0.316561
0.93125 1.10591 -0.316029
0.932812 1.10638 -0.315491
0.934375 1.10685 -0.314947
0.935937 1.10731 -0.314406
0.9375 1.10776 -0.313872
0.939063 1.10822 -0.313349
0.940625 1.10868 -0.312835
0.942187 1.10915 -0.312322
0.94375 1.10963 -0.311806
0.945312 1.11011 -0.311283
0.946875 1.11058 -0.310756
0.948438 1.11105 -0.310233
0.95 1.11151 -0.30972
0.951563 1.11197 -0.309218
0.953125 1.11245 -0.308722
0.954688 1.11293 -0.308225
0.95625 1.11342 -0.307722
0.957813 1.11391 -0.307212
0.959375 1.11438 -0.306701
0.960938 1.11485 -0.306199
0.9625 1.11532 -0.305707
0.964062 1.1158 -0.305224
0.965625 1.11629 -0.304744
0.967187 1.11678 -0.304259
0.96875 1.11728 -0.303768
0.970313 1.11777 -0.303274
0.971875 1.11826 -0.302781
0.973438 1.11873 -0.302297
0.975 1.11922 -0.301824
0.976562 1.11971 -0.301358
0.978125 1.12021 -0.300892
0.979688 1.12071 -0.30042
0.98125 1.12122 -0.299941
0.982813 1.12171 -0.29946
0.984375 1.1222 -0.298985
0.985937 1.12269 -0.29852
0.9875 1.12318 -0.298066
0.989062 1.12369 -0.297615
0.990625 1.1242 -0.29716
0.992188 1.12472 -0.296699
0.99375 1.12523 -0.296233
0.995313 1.12573 -0.295768
0.996875 1.12623 -0.29531
0.998437 1.12673 -0.294863
1 1.12723 -0.294424
1.00156 1.12775 -0.293986
1.00313 1.12827 -0.293543
1.00469 1.1288 -0.293093
1.00625 1.12932 -0.292638
1.00781 1.12983 -0.292188
1.00937 1.13033 -0.291748
1.01094 1.13084 -0.291319
1.0125 1.13137 -0.290894
1.01406 1.1319 -0.290467
1.01562 1.13243 -0.290034
1.01719 1.13296 -0.289594
1.01875 1.13349 -0.289154
1.02031 1.13401 -0.28872
1.02188 1.13452 -0.288296
1.02344 1.13505 -0.287881
1.025 1.13558 -0.287469
1.02656 1.13613 -0.287053
1.02813 1.13667 -0.286629
1.02969 1.13721 -0.286199
1.03125 1.13774 -0.285772
1.03281 1.13827 -0.285354
1.03438 1.1388 -0.284947
1.03594 1.13934 -0.284546
1.0375 1.13989 -0.284144
1.03906 1.14044 -0.283736
1.04062 1.141 -0.283321
1.04219 1.14155 -0.282904
1.04375 1.14209 -0.282492
1.04531 1.14262 -0.282089
1.04688 1.14317 -0.281695
1.04844 1.14372 -0.281306
1.05 1.14428 -0.280914
1.05156 1.14485 -0.280515
1.05313 1.14541 -0.280109
1.05469 1.14597 -0.279704
1.05625 1.14652 -0.279305
1.05781 1.14707 -0.278917
1.05938 1.14763 -0.278538
1.06094 1.1482 -0.278159
1.0625 1.14877 -0.277775
1.06406 1.14935 -0.277383
1.06563 1.14992 -0.276988
1.06719 1.15049 -0.276595
1.06875 1.15105 -0.27621
1.07031 1.15161 -0.275836
1.07188 1.15219 -0.275468
1.07344 1.15277 -0.275098
1.075 1.15336 -0.274722
1.07656 1.15395 -0.274339
1.07812 1.15453 -0.273953
1.07969 1.1551 -0.273572
1.08125 1.15567 -0.273202
1.08281 1.15625 -0.272841
1.08437 1.15684 -0.272483
1.08594 1.15744 -0.272121
1.0875 1.15804 -0.271751
1.08906 1.15864 -0.271376
1.09062 1.15923 -0.271001
1.09219 1.15981 -0.270634
1.09375 1.1604 -0.270276
1.09531 1.161 -0.269926
1.09688 1.1616 -0.269577
1.09844 1.16221 -0.269223
1.1 1.16283 -0.26886
1.10156 1.16343 -0.268493
1.10313 1.16403 -0.268129
1.10469 1.16463 -0.267774
1.10625 1.16523 -0.267429
1.10781 1.16584 -0.26709
1.10938 1.16647 -0.266748
1.11094 1.16709 -0.266399
1.1125 1.16772 -0.266044
1.11406 1.16833 -0.265686
1.11563 1.16894 -0.265333
1.11719 1.16956 -0.264991
1.11875 1.17017 -0.264657
1.12031 1.1708 -0.264327
1.12187 1.17144 -0.263992
1.12344 1.17208 -0.263649
1.125 1.17271 -0.2633
1.12656 1.17334 -0.262952
1.12813 1.17396 -0.262611
1.12969 1.17459 -0.26228
1.13125 1.17522 -0.261957
1.13281 1.17587 -0.261634
1.13438 1.17652 -0.261304
1.13594 1.17717 -0.260967
1.1375 1.17782 -0.260626
1.13906 1.17846 -0.260288
1.14062 1.1791 -0.259958
1.14219 1.17974 -0.259638
1.14375 1.18039 -0.259324
1.14531 1.18105 -0.259008
1.14688 1.18172 -0.258683
1.14844 1.18238 -0.258352
1.15 1.18304 -0.258019
1.15156 1.1837 -0.257691
1.15312 1.18435 -0.257372
1.15469 1.18501 -0.257063
1.15625 1.18568 -0.256756
1.15781 1.18635 -0.256445
1.15938 1.18704 -0.256126
1.16094 1.18771 -0.2558
1.1625 1.18838 -0.255475
1.16406 1.18905 -0.255157
1.16563 1.18972 -0.25485
1.16719 1.1904 -0.25455
1.16875 1.19108 -0.254249
1.17031 1.19178 -0.253943
1.17188 1.19247 -0.253629
1.17344 1.19317 -0.25331
1.175 1.19385 -0.252994
1.17656 1.19453 -0.252686
1.17813 1.19522 -0.252388
1.17969 1.19591 -0.252096
1.18125 1.19662 -0.251801
1.18281 1.19733 -0.251499
1.18437 1.19804 -0.25119
1.18594 1.19874 -0.250878
1.1875 1.19944 -0.250571
1.18906 1.20014 -0.250273
1.19063 1.20084 -0.249985
1.19219 1.20156 -0.249699
1.19375 1.20228 -0.249409
1.19531 1.20301 -0.249111
1.19687 1.20373 -0.248807
1.19844 1.20445 -0.248502
1.2 1.20517 -0.248204
1.20156 1.20588 -0.247916
1.20312 1.2066 -0.247636
1.20469 1.20734 -0.247356
1.20625 1.20808 -0.24707
1.20781 1.20883 -0.246776
1.20938 1.20956 -0.246477
1.21094 1.2103 -0.24618
1.2125 1.21103 -0.245891
1.21406 1.21176 -0.245612
1.21562 1.2125 -0.245339
1.21719 1.21326 -0.245064
1.21875 1.21402 -0.244782
1.22031 1.21478 -0.244492
1.22188 1.21553 -0.244199
1.22344 1.21628 -0.243909
1.225 1.21703 -0.24363
1.22656 1.21778 -0.243359
1.22812 1.21855 -0.243092
1.22969 1.21932 -0.242821
1.23125 1.2201 -0.242542
1.23281 1.22088 -0.242257
1.23438 1.22165 -0.241969
1.23594 1.22241 -0.241688
1.2375 1.22318 -0.241417
1.23906 1.22395 -0.241154
1.24063 1.22474 -0.240892
1.24219 1.22553 -0.240625
1.24375 1.22633 -0.240349
1.24531 1.22713 -0.240068
1.24687 1.22791 -0.239787
1.24844 1.2287 -0.239514
1.25 1.22948 -0.239251
1.25156 1.23028 -0.238994
1.25313 1.23109 -0.238737
1.25469 1.2319 -0.238473
1.25625 1.23272 -0.2382
1.25781 1.23353 -0.237923
1.25937 1.23433 -0.23765
1.26094 1.23513 -0.237385
1.2625 1.23594 -0.237129
1.26406 1.23676 -0.236878
1.26562 1.23759 -0.236625
1.26719 1.23843 -0.236363
1.26875 1.23926 -0.236094
1.27031 1.24009 -0.235822
1.27188 1.24091 -0.235555
1.27344 1.24174 -0.235298
1.275 1.24257 -0.235049
1.27656 1.24341 -0.234803
1.27813 1.24426 -0.234553
1.27969 1.24512 -0.234293
1.28125 1.24597 -0.234027
1.28281 1.24682 -0.233761
1.28438 1.24766 -0.233501
1.28594 1.24851 -0.233252
1.2875 1.24936 -0.233009
1.28906 1.25023 -0.232767
1.29062 1.2511 -0.232519
1.29219 1.25198 -0.232262
1.29375 1.25285 -0.231999
1.29531 1.25372 -0.231739
1.29688 1.25459 -0.231486
1.29844 1.25545 -0.231244
1.3 1.25633 -0.231006
1.30156 1.25722 -0.230768
1.30313 1.25812 -0.230521
1.30469 1.25902 -0.230267
1.30625 1.25992 -0.230008
1.30781 1.2608 -0.229753
1.30938 1.26169 -0.229508
1.31094 1.26258 -0.229271
1.3125 1.26349 -0.229039
1.31406 1.2644 -0.228803
1.31563 1.26533 -0.228558
1.31719 1.26625 -0.228306
1.31875 1.26716 -0.228052
1.32031 1.26807 -0.227803
1.32188 1.26898 -0.227564
1.32344 1.2699 -0.227333
1.325 1.27083 -0.227105
1.32656 1.27177 -0.22687
1.32812 1.27272 -0.226627
1.32969 1.27366 -0.226378
1.33125 1.2746 -0.226128
1.33281 1.27553 -0.225886
1.33437 1.27647 -0.225653
1.33594 1.27742 -0.225427
1.3375 1.27837 -0.225201
1.33906 1.27934 -0.224969
1.34062 1.28031 -0.224727
1.34219 1.28128 -0.22448
1.34375 1.28224 -0.224236
1.34531 1.2832 -0.223999
1.34688 1.28416 -0.223772
1.34844 1.28514 -0.223551
1.35 1.28612 -0.223327
1.35156 1.28712 -0.223096
1.35313 1.28811 -0.222856
1.35469 1.2891 -0.222612
1.35625 1.29009 -0.222372
1.35781 1.29107 -0.222142
1.35938 1.29207 -0.22192
1.36094 1.29307 -0.221702
1.3625 1.29409 -0.22148
1.36406 1.29511 -0.22125
1.36563 1.29613 -0.221011
1.36719 1.29715 -0.220771
1.36875 1.29816 -0.220536
1.37031 1.29917 -0.220311
1.37187 1.30019 -0.220094
1.37344 1.30123 -0.219879
1.375 1.30227 -0.219658
1.37656 1.30332 -0.219429
1.37813 1.30437 -0.219192
1.37969 1.30541 -0.218955
1.38125 1.30645 -0.218726
1.38281 1.3075 -0.218506
1.38438 1.30855 -0.218293
1.38594 1.30962 -0.21808
1.3875 1.31069 -0.21786
1.38906 1.31177 -0.217631
1.39062 1.31285 -0.217396
1.39219 1.31392 -0.217163
1.39375 1.31499 -0.216938
1.39531 1.31606 -0.216723
1.39688 1.31715 -0.216513
1.39844 1.31825 -0.216302
1.4 1.31935 -0.216082
1.40156 1.32046 -0.215854
1.40312 1.32157 -0.215621
1.40469 1.32267 -0.215392
1.40625 1.32377 -0.215172
1.40781 1.32487 -0.214961
1.40938 1.326 -0.214754
1.41094 1.32713 -0.214544
1.4125 1.32827 -0.214324
1.41406 1.32941 -0.214096
1.41563 1.33054 -0.213866
1.41719 1.33168 -0.213641
1.41875 1.33281 -0.213426
1.42031 1.33395 -0.213218
1.42188 1.33511 -0.213013
1.42344 1.33628 -0.212803
1.425 1.33745 -0.212583
1.42656 1.33862 -0.212356
1.42813 1.33979 -0.212129
1.42969 1.34095 -0.211907
1.43125 1.34212 -0.211696
1.43281 1.3433 -0.211492
1.43437 1.3445 -0.211288
1.43594 1.3457 -0.211078
1.4375 1.34691 -0.210858
1.43906 1.34811 -0.210632
1.44063 1.34932 -0.210407
1.44219 1.35052 -0.210189
1.44375 1.35172 -0.209982
1.44531 1.35294 -0.20978
1.44687 1.35417 -0.209577
1.44844 1.35541 -0.209366
1.45 1.35666 -0.209146
1.45156 1.3579 -0.20892
1.45312 1.35914 -0.208698
1.45469 1.36037 -0.208484
1.45625 1.36162 -0.20828
1.45781 1.36288 -0.20808
1.45938 1.36415 -0.207877
1.46094 1.36543 -0.207665
1.4625 1.36671 -0.207444
1.46406 1.36799 -0.20722
1.46562 1.36927 -0.207
1.46719 1.37054 -0.20679
1.46875 1.37183 -0.206588
1.47031 1.37313 -0.20639
1.47188 1.37444 -0.206186
1.47344 1.37577 -0.205973
1.475 1.37709 -0.205752
1.47656 1.37841 -0.205529
1.47812 1.37972 -0.205312
1.47969 1.38104 -0.205104
1.48125 1.38237 -0.204905
1.48281 1.38371 -0.204706
1.48438 1.38507 -0.204502
1.48594 1.38644 -0.204287
1.4875 1.3878 -0.204066
1.48906 1.38916 -0.203844
1.49063 1.39052 -0.203629
1.49219 1.39188 -0.203425
1.49375 1.39326 -0.203227
1.49531 1.39465 -0.203028
1.49687 1.39605 -0.202822
1.49844 1.39746 -0.202606
1.5 1.39887 -0.202384
1.50156 1.40027 -0.202163
1.50313 1.40167 -0.201951
1.50469 1.40308 -0.201748
1.50625 1.40451 -0.201551
1.50781 1.40595 -0.201351
1.50937 1.4074 -0.201143
1.51094 1.40885 -0.200925
1.5125 1.41031 -0.200703
1.51406 1.41175 -0.200484
1.51562 1.41321 -0.200273
1.51719 1.41467 -0.200072
1.51875 1.41614 -0.199875
1.52031 1.41763 -0.199674
1.52188 1.41914 -0.199463
1.52344 1.42064 -0.199244
1.525 1.42214 -0.199021
1.52656 1.42364 -0.198802
1.52813 1.42514 -0.198593
1.52969 1.42665 -0.198393
1.53125 1.42818 -0.198195
1.53281 1.42973 -0.197992
1.53438 1.43128 -0.197779
1.53594 1.43284 -0.197557
1.5375 1.43439 -0.197334
1.53906 1.43594 -0.197116
1.54062 1.4375 -0.196908
1.54219 1.43907 -0.196708
1.54375 1.44066 -0.196509
1.54531 1.44226 -0.196303
1.54688 1.44387 -0.196087
1.54844 1.44548 -0.195863
1.55 1.44708 -0.195639
1.55156 1.44869 -0.195422
1.55313 1.45031 -0.195215
1.55469 1.45194 -0.195014
1.55625 1.45358 -0.194813
1.55781 1.45524 -0.194603
1.55938 1.45691 -0.194383
1.56094 1.45858 -0.194157
1.5625 1.46024 -0.193932
1.56406 1.46191 -0.193715
1.56563 1.46359 -0.193508
1.56719 1.46528 -0.193306
1.56875 1.46699 -0.193102
1.57031 1.46871 -0.192889
1.57188 1.47044 -0.192665
1.57344 1.47217 -0.192436
1.575 1.4739 -0.19221
1.57656 1.47563 -0.191993
1.57812 1.47737 -0.191785
1.57969 1.47913 -0.191581
1.58125 1.48091 -0.191373
1.58281 1.4827 -0.191155
1.58437 1.4845 -0.190927
1.58594 1.48629 -0.190696
1.5875 1.48808 -0.190468
1.58906 1.48988 -0.19025
1.59062 1.4917 -0.190041
1.59219 1.49353 -0.189834
1.59375 1.49538 -0.189621
1.59531 1.49724 -0.189398
1.59688 1.4991 -0.189166
1.59844 1.50097 -0.188931
1.6 1.50283 -0.188702
1.60156 1.5047 -0.188482
1.60313 1.50659 -0.18827
1.60469 1.5085 -0.188059
1.60625 1.51042 -0.187841
1.60781 1.51236 -0.187612
1.60938 1.5143 -0.187375
1.61094 1.51623 -0.187137
1.6125 1.51817 -0.186905
1.61406 1.52013 -0.186683
1.61563 1.52209 -0.186468
1.61719 1.52408 -0.186252
1.61875 1.52609 -0.186028
1.62031 1.5281 -0.185792
1.62187 1.53012 -0.185549
1.62344 1.53214 -0.185307
1.625 1.53416 -0.185072
1.62656 1.5362 -0.184847
1.62813 1.53825 -0.184627
1.62969 1.54032 -0.184405
1.63125 1.54242 -0.184174
1.63281 1.54452 -0.183931
1.63438 1.54662 -0.183682
1.63594 1.54873 -0.183435
1.6375 1.55084 -0.183196
1.63906 1.55296 -0.182967
1.64062 1.55511 -0.182742
1.64219 1.55727 -0.182513
1.64375 1.55946 -0.182273
1.64531 1.56165 -0.182022
1.64688 1.56385 -0.181766
1.64844 1.56604 -0.181514
1.65 1.56825 -0.18127
1.65156 1.57047 -0.181035
1.65312 1.57271 -0.180803
1.65469 1.57498 -0.180565
1.65625 1.57727 -0.180316
1.65781 1.57956 -0.180057
1.65938 1.58185 -0.179793
1.66094 1.58415 -0.179534
1.6625 1.58645 -0.179284
1.66406 1.58878 -0.179043
1.66563 1.59113 -0.178802
1.66719 1.59351 -0.178555
1.66875 1.5959 -0.178295
1.67031 1.59829 -0.178026
1.67188 1.60069 -0.177753
1.67344 1.6031 -0.177487
1.675 1.60552 -0.17723
1.67656 1.60796 -0.17698
1.67813 1.61043 -0.176729
1.67969 1.61292 -0.17647
1.68125 1.61542 -0.176199
1.68281 1.61793 -0.175918
1.68437 1.62045 -0.175636
1.68594 1.62297 -0.17536
1.6875 1.62551 -0.175094
1.68906 1.62808 -0.174834
1.69063 1.63067 -0.174572
1.69219 1.63328 -0.1743
1.69375 1.63591 -0.174015
1.69531 1.63855 -0.173721
1.69687 1.64119 -0.173427
1.69844 1.64384 -0.173141
1.7 1.64651 -0.172865
1.70156 1.64921 -0.172592
1.70313 1.65194 -0.172316
1.70469 1.65469 -0.172029
1.70625 1.65745 -0.171729
1.70781 1.66022 -0.171421
1.70938 1.663 -0.171114
1.71094 1.66579 -0.170815
1.7125 1.66861 -0.170525
1.71406 1.67145 -0.170239
1.71562 1.67433 -0.169946
1.71719 1.67722 -0.169641
1.71875 1.68014 -0.169324
1.72031 1.68306 -0.168999
1.72188 1.68599 -0.168677
1.72344 1.68893 -0.168364
1.725 1.69191 -0.168058
1.72656 1.69491 -0.167754
1.72813 1.69794 -0.167443
1.72969 1.701 -0.167118
1.73125 1.70408 -0.16678
1.73281 1.70716 -0.166436
1.73438 1.71026 -0.166096
1.73594 1.71337 -0.165765
1.7375 1.71652 -0.165441
1.73906 1.7197 -0.165117
1.74063 1.72291 -0.164783
1.74219 1.72614 -0.164435
1.74375 1.7294 -0.164074
1.74531 1.73266 -0.163708
1.74688 1.73594 -0.163347
1.74844 1.73924 -0.162995
1.75 1.74258 -0.162649
1.75156 1.74595 -0.1623
1.75312 1.74935 -0.16194
1.75469 1.75279 -0.161564
1.75625 1.75624 -0.161177
1.75781 1.7597 -0.160785
1.75937 1.76318 -0.160399
1.76094 1.76669 -0.160022
1.7625 1.77024 -0.159649
1.76406 1.77382 -0.159271
1.76562 1.77745 -0.15888
1.76719 1.7811 -0.158473
1.76875 1.78477 -0.158054
1.77031 1.78845 -0.157632
1.77188 1.79216 -0.157216
1.77344 1.7959 -0.156808
1.775 1.79968 -0.156403
1.77656 1.80351 -0.15599
1.77812 1.80737 -0.155563
1.77969 1.81126 -0.155119
1.78125 1.81518 -0.154663
1.78281 1.81911 -0.154205
1.78438 1.82307 -0.153753
1.78594 1.82707 -0.153308
1.7875 1.83112 -0.152864
1.78906 1.83521 -0.15241
1.79063 1.83934 -0.151939
1.79219 1.84351 -0.151451
1.79375 1.8477 -0.150951
1.79531 1.85191 -0.15045
1.79687 1.85616 -0.149954
1.79844 1.86045 -0.149464
1.8 1.86479 -0.148973
1.80156 1.86919 -0.148469
1.80313 1.87362 -0.147946
1.80469 1.8781 -0.147404
1.80625 1.8826 -0.146851
1.80781 1.88713 -0.146298
1.80938 1.8917 -0.145749
1.81094 1.89632 -0.145204
1.8125 1.901 -0.144655
1.81406 1.90574 -0.14409
1.81563 1.91052 -0.143503
1.81719 1.91534 -0.142897
1.81875 1.9202 -0.14228
1.82031 1.9251 -0.141662
1.82187 1.93004 -0.141048
1.82344 1.93504 -0.140435
1.825 1.9401 -0.139813
1.82656 1.94523 -0.139173
1.82812 1.95041 -0.138509
1.82969 1.95564 -0.137824
1.83125 1.9609 -0.137127
1.83281 1.96622 -0.136429
1.83438 1.97158 -0.135733
1.83594 1.97702 -0.135034
1.8375 1.98253 -0.134323
1.83906 1.98811 -0.13359
1.84062 1.99375 -0.132829
1.84219 1.99944 -0.132046
1.84375 2.00519 -0.131249
1.84531 2.01098 -0.130449
1.84688 2.01685 -0.129649
1.84844 2.02279 -0.128843
1.85 2.02882 -0.128019
1.85156 2.03493 -0.127167
1.85313 2.04111 -0.126284
1.85469 2.04735 -0.125375
1.85625 2.05365 -0.124452
1.85781 2.06001 -0.123522
1.85938 2.06646 -0.122588
1.86094 2.07301 -0.121642
1.8625 2.07965 -0.120672
1.86406 2.08638 -0.119668
1.86562 2.09319 -0.118627
1.86719 2.10008 -0.117557
1.86875 2.10704 -0.116468
1.87031 2.11409 -0.115369
1.87187 2.12124 -0.114259
1.87344 2.1285 -0.11313
1.875 2.13587 -0.111968
1.87656 2.14335 -0.110763
1.87813 2.15092 -0.109515
1.87969 2.15859 -0.108231
1.88125 2.16635 -0.106922
1.88281 2.17422 -0.105596
1.88437 2.18221 -0.10425
1.88594 2.19033 -0.102874
1.8875 2.19859 -0.101453
1.88906 2.20698 -0.0999781
1.89062 2.21549 -0.0984489
1.89219 2.22411 -0.096874
1.89375 2.23285 -0.0952644
1.89531 2.24173 -0.0936258
1.89688 2.25076 -0.0919539
1.89844 2.25995 -0.0902354
1.9 2.26931 -0.0884552
1.90156 2.27882 -0.0866037
1.90313 2.28848 -0.0846815
1.90469 2.2983 -0.0826975
1.90625 2.30826 -0.0806621
1.90781 2.31841 -0.0785788
1.90938 2.32874 -0.0764401
1.91094 2.33928 -0.0742303
1.9125 2.35002 -0.0719321
1.91406 2.36097 -0.0695355
1.91563 2.3721 -0.0670412
1.91719 2.38344 -0.0644578
1.91875 2.39497 -0.061794
1.92031 2.40674 -0.0590498
1.92188 2.41875 -0.0562136
1.92344 2.43103 -0.0532653
1.925 2.44358 -0.0501847
1.92656 2.45638 -0.0469597
1.92812 2.46944 -0.0435898
1.92969 2.48277 -0.0400816
1.93125 2.49637 -0.0364398
1.93281 2.51028 -0.0326588
1.93437 2.52453 -0.0287198
1.93594 2.53912 -0.0245954
1.9375 2.55407 -0.0202592
1.93906 2.56937 -0.0156941
1.94063 2.58503 -0.0108946
1.94219 2.60104 -0.00586114
1.94375 2.61745 -0.00058952
1.94531 2.63429 0.00493758
1.94688 2.65159 0.0107528
1.94844 2.66936 0.0168982
1.95 2.68762 0.0234144
1.95156 2.70637 0.0303324
1.95312 2.72562 0.0376725
1.95469 2.74539 0.045452
1.95625 2.76572 0.0536972
1.95781 2.78664 0.0624533
1.95938 2.80821 0.0717852
1.96094 2.83044 0.0817705
1.9625 2.85335 0.0924874
1.96406 2.87694 0.104007
1.96563 2.90121 0.116393
1.96719 2.9262 0.129716
1.96875 2.95194 0.144065
1.97031 2.97847 0.159559
1.97187 3.0058 0.176351
1.97344 3.03395 0.194616
1.975 3.06287 0.214538
1.97656 3.09251 0.236301
1.97812 3.12281 0.260097
1.97969 3.15367 0.286133
1.98125 3.18502 0.314658
1.98281 3.2167 0.345963
1.98438 3.24848 0.380372
1.98594 3.28005 0.418217
1.9875 3.31094 0.459797
1.98906 3.3406 0.505342
1.99063 3.36838 0.554984
1.99219 3.39355 0.608736
1.99375 3.41532 0.666465
1.99531 3.43282 0.727846
1.99687 3.44523 0.792314
1.99844 3.4518 0.85903
2 3.45202 0.926906
2.00156 3.4457 0.994705
2.00313 3.43304 1.06119
2.00469 3.41458 1.12527
2.00625 3.39105 1.18612
2.00781 3.36333 1.24318
2.00938 3.33225 1.29614
2.01094 3.29864 1.34487
2.0125 3.26322 1.38939
2.01406 3.22665 1.42985
2.01562 3.18949 1.46649
2.01719 3.15218 1.49961
2.01875 3.11507 1.52955
2.02031 3.07836 1.55665
2.02188 3.04221 1.58119
2.02344 3.00672 1.60344
2.025 2.97196 1.62361
2.02656 2.93798 1.64189
2.02813 2.90486 1.65848
2.02969 2.87261 1.67356
2.03125 2.84124 1.68731
2.03281 2.81073 1.69987
2.03438 2.78103 1.71139
2.03594 2.75211 1.72194
2.0375 2.72394 1.7316
2.03906 2.69651 1.74043
2.04062 2.66981 1.74852
2.04219 2.64383 1.75594
2.04375 2.61855 1.76276
2.04531 2.59391 1.76905
2.04688 2.56989 1.77486
2.04844 2.54644 1.78022
2.05 2.52354 1.78515
2.05156 2.50117 1.78966
2.05313 2.47934 1.7938
2.05469 2.45803 1.79759
2.05625 2.43723 1.80109
2.05781 2.41689 1.80432
2.05937 2.39698 1.80731
2.06094 2.37749 1.81005
2.0625 2.35839 1.81255
2.06406 2.33968 1.81482
2.06562 2.32136 1.81688
2.06719 2.30343 1.81874
2.06875 2.28586 1.82044
2.07031 2.26864 1.82199
2.07187 2.25174 1.82341
2.07344 2.23513 1.82468
2.075 2.21882 1.82581
2.07656 2.2028 1.82679
2.07813 2.18708 1.82764
2.07969 2.17165 1.82837
2.08125 2.1565 1.82901
2.08281 2.14161 1.82956
2.08438 2.12695 1.83003
2.08594 2.11253 1.83041
2.0875 2.09832 1.83069
2.08906 2.08435 1.83087
2.09063 2.0706 1.83097
2.09219 2.05709 1.83099
2.09375 2.04379 1.83095
2.09531 2.0307 1.83087
2.09688 2.01779 1.83073
2.09844 2.00505 1.83053
2.1 1.99249 1.83026
2.10156 1.98012 1.82992
2.10312 1.96793 1.82953
2.10469 1.95592 1.82908
2.10625 1.94409 1.8286
2.10781 1.93242 1.82809
2.10938 1.9209 1.82754
2.11094 1.90951 1.82695
2.1125 1.89827 1.82631
2.11406 1.88718 1.82562
2.11563 1.87624 1.82488
2.11719 1.86545 1.82412
2.11875 1.85481 1.82333
2.12031 1.84429 1.82252
2.12188 1.8339 1.82169
2.12344 1.82361 1.82083
2.125 1.81345 1.81993
2.12656 1.80341 1.81898
2.12812 1.7935 1.81801
2.12969 1.78372 1.81702
2.13125 1.77405 1.81601
2.13281 1.76449 1.815
2.13437 1.75503 1.81397
2.13594 1.74566 1.81291
2.1375 1.7364 1.81182
2.13906 1.72724 1.8107
2.14062 1.71819 1.80955
2.14219 1.70925 1.8084
2.14375 1.70041 1.80724
2.14531 1.69165 1.80607
2.14688 1.68298 1.80489
2.14844 1.67439 1.80369
2.15 1.66588 1.80246
2.15156 1.65747 1.80121
2.15313 1.64915 1.79994
2.15469 1.64093 1.79867
2.15625 1.63279 1.79739
2.15781 1.62472 1.79612
2.15938 1.61672 1.79483
2.16094 1.60879 1.79352
2.1625 1.60093 1.79219
2.16406 1.59316 1.79084
2.16563 1.58547 1.78949
2.16719 1.57787 1.78813
2.16875 1.57033 1.78677
2.17031 1.56286 1.78541
2.17188 1.55544 1.78404
2.17344 1.54809 1.78265
2.175 1.5408 1.78125
2.17656 1.53358 1.77983
2.17813 1.52644 1.77841
2.17969 1.51937 1.77698
2.18125 1.51236 1.77556
2.18281 1.50541 1.77414
2.18438 1.4985 1.77271
2.18594 1.49165 1.77127
2.1875 1.48485 1.76981
2.18906 1.47813 1.76834
2.19062 1.47147 1.76686
2.19219 1.46487 1.76539
2.19375 1.45832 1.76393
2.19531 1.45182 1.76246
2.19687 1.44537 1.76099
2.19844 1.43896 1.7595
2.2 1.43261 1.758
2.20156 1.42631 1.75649
2.20312 1.42008 1.75498
2.20469 1.4139 1.75348
2.20625 1.40776 1.75198
2.20781 1.40167 1.75048
2.20938 1.39561 1.74897
2.21094 1.3896 1.74745
2.2125 1.38363 1.74593
2.21406 1.37773 1.74439
2.21563 1.37187 1.74286
2.21719 1.36606 1.74133
2.21875 1.36029 1.7398
2.22031 1.35456 1.73828
2.22188 1.34886 1.73675
2.22344 1.3432 1.73521
2.225 1.33759 1.73366
2.22656 1.33203 1.73211
2.22813 1.32651 1.73056
2.22969 1.32104 1.72901
2.23125 1.3156 1.72748
2.23281 1.31019 1.72594
2.23438 1.30482 1.72439
2.23594 1.29948 1.72283
2.2375 1.29418 1.72127
2.23906 1.28893 1.71971
2.24063 1.28372 1.71814
2.24219 1.27855 1.71659
2.24375 1.27341 1.71504
2.24531 1.2683 1.71349
2.24688 1.26322 1.71194
2.24844 1.25817 1.71037
2.25 1.25316 1.7088
2.25156 1.24819 1.70723
2.25312 1.24326 1.70566
2.25469 1.23836 1.7041
2.25625 1.23349 1.70255
2.25781 1.22865 1.70099
2.25937 1.22383 1.69943
2.26094 1.21904 1.69786
2.2625 1.21429 1.69629
2.26406 1.20959 1.69471
2.26562 1.20491 1.69315
2.26719 1.20026 1.69159
2.26875 1.19564 1.69003
2.27031 1.19104 1.68847
2.27188 1.18646 1.68691
2.27344 1.18192 1.68534
2.275 1.17741 1.68376
2.27656 1.17294 1.68219
2.27812 1.16849 1.68062
2.27969 1.16408 1.67907
2.28125 1.15968 1.67751
2.28281 1.1553 1.67596
2.28437 1.15095 1.67439
2.28594 1.14663 1.67282
2.2875 1.14234 1.67125
2.28906 1.13808 1.66968
2.29063 1.13385 1.66812
2.29219 1.12965 1.66657
2.29375 1.12546 1.66502
2.29531 1.12129 1.66347
2.29688 1.11714 1.66191
2.29844 1.11302 1.66034
2.3 1.10894 1.65877
2.30156 1.10488 1.65721
2.30313 1.10085 1.65566
2.30469 1.09683 1.65411
2.30625 1.09284 1.65257
2.30781 1.08886 1.65102
2.30938 1.0849 1.64946
2.31094 1.08097 1.64791
2.3125 1.07707 1.64635
2.31406 1.0732 1.64479
2.31563 1.06935 1.64325
2.31719 1.06552 1.64171
2.31875 1.0617 1.64017
2.32031 1.0579 1.63863
2.32187 1.05411 1.63708
2.32344 1.05036 1.63553
2.325 1.04663 1.63398
2.32656 1.04293 1.63244
2.32812 1.03925 1.63091
2.32969 1.03558 1.62938
2.33125 1.03193 1.62785
2.33281 1.02829 1.62631
2.33438 1.02468 1.62478
2.33594 1.02109 1.62323
2.3375 1.01752 1.6217
2.33906 1.01398 1.62016
2.34062 1.01045 1.61864
2.34219 1.00694 1.61712
2.34375 1.00344 1.6156
2.34531 0.999958 1.61408
2.34687 0.996495 1.61255
2.34844 0.993056 1.61102
2.35 0.98964 1.60949
2.35156 0.986246 1.60797
2.35312 0.982867 1.60646
2.35469 0.9795 1.60495
2.35625 0.976145 1.60344
2.35781 0.972805 1.60193
2.35938 0.969484 1.60041
2.36094 0.966187 1.59889
2.3625 0.962912 1.59738
2.36406 0.959656 1.59587
2.36563 0.956414 1.59437
2.36719 0.953182 1.59288
2.36875 0.949961 1.59138
2.37031 0.946755 1.58987
2.37188 0.943569 1.58837
2.37344 0.940405 1.58686
2.375 0.937261 1.58536
2.37656 0.934135 1.58387
2.37813 0.93102 1.58238
2.37969 0.927915 1.5809
2.38125 0.92482 1.57941
2.38281 0.921741 1.57792
2.38437 0.91868 1.57643
2.38594 0.915641 1.57493
2.3875 0.912621 1.57345
2.38906 0.909615 1.57197
2.39062 0.90662 1.5705
2.39219 0.903634 1.56902
2.39375 0.900658 1.56755
2.39531 0.897698 1.56607
2.39688 0.894756 1.56459
2.39844 0.891833 1.56311
2.4 0.888929 1.56164
2.40156 0.886037 1.56018
2.40313 0.883155 1.55872
2.40469 0.880281 1.55726
2.40625 0.877417 1.55579
2.40781 0.874568 1.55433
2.40937 0.871737 1.55286
2.41094 0.868925 1.5514
2.4125 0.86613 1.54994
2.41406 0.863345 1.54849
2.41562 0.860569 1.54704
2.41719 0.8578 1.5456
2.41875 0.855042 1.54415
2.42031 0.852299 1.5427
2.42188 0.849574 1.54124
2.42344 0.846866 1.5398
2.425 0.844172 1.53835
2.42656 0.841489 1.53692
2.42813 0.838813 1.53549
2.42969 0.836144 1.53405
2.43125 0.833486 1.53262
2.43281 0.830842 1.53118
2.43438 0.828216 1.52974
2.43594 0.825606 1.52831
2.4375 0.82301 1.52688
2.43906 0.820421 1.52546
2.44063 0.81784 1.52404
2.44219 0.815265 1.52262
2.44375 0.812702 1.5212
2.44531 0.810153 1.51977
2.44688 0.807621 1.51835
2.44844 0.805104 1.51693
2.45 0.802598 1.51552
2.45156 0.8001 1.51411
2.45312 0.797608 1.51271
2.45469 0.795123 1.5113
2.45625 0.79265 1.50989
2.45781 0.790191 1.50848
2.45938 0.787747 1.50707
2.46094 0.785318 1.50567
2.4625 0.782899 1.50428
2.46406 0.780486 1.50288
2.46563 0.778079 1.50149
2.46719 0.775679 1.5001
2.46875 0.773291 1.49871
2.47031 0.770917 1.49731
2.47187 0.768558 1.49592
2.47344 0.766211 1.49453
2.475 0.763874 1.49315
2.47656 0.761542 1.49177
2.47812 0.759215 1.49039
2.47969 0.756896 1.48902
2.48125 0.754589 1.48763
2.48281 0.752296 1.48625
2.48438 0.750017 1.48487
2.48594 0.747749 1.4835
2.4875 0.745489 1.48214
2.48906 0.743234 1.48077
2.49063 0.740984 1.47941
2.49219 0.738742 1.47805
2.49375 0.736512 1.47668
2.49531 0.734296 1.47531
2.49687 0.732093 1.47395
2.49844 0.7299 1.47259
2.5 0.727713 1.47124
2.50156 0.725531 1.46989
2.50313 0.723355 1.46855
2.50469 0.721186 1.46719
2.50625 0.71903 1.46584
2.50781 0.716886 1.46449
2.50938 0.714755 1.46314
2.51094 0.712633 1.4618
2.5125 0.710517 1.46046
2.51406 0.708404 1.45913
2.51562 0.706297 1.4578
2.51719 0.704199 1.45646
2.51875 0.702113 1.45512
2.52031 0.700039 1.45378
2.52188 0.697977 1.45245
2.52344 0.695922 1.45112
2.525 0.693872 1.4498
2.52656 0.691826 1.44848
2.52813 0.689785 1.44716
2.52969 0.687754 1.44584
2.53125 0.685735 1.44451
2.53281 0.683727 1.44319
2.53438 0.68173 1.44187
2.53594 0.67974 1.44056
2.5375 0.677753 1.43926
2.53906 0.67577 1.43795
2.54062 0.673794 1.43664
2.54219 0.671826 1.43533
2.54375 0.669871 1.43402
2.54531 0.667927 1.43271
2.54688 0.665992 1.43141
2.54844 0.664062 1.43012
2.55 0.662136 1.42883
2.55156 0.660214 1.42753
2.55313 0.658299 1.42624
2.55469 0.656393 1.42494
2.55625 0.654498 1.42365
2.55781 0.652614 1.42235
2.55937 0.650739 1.42107
2.56094 0.648867 1.41979
2.5625 0.646999 1.41851
2.56406 0.645135 1.41723
2.56562 0.643278 1.41595
2.56719 0.641431 1.41467
2.56875 0.639595 1.41338
2.57031 0.637769 1.41211
2.57187 0.635949 1.41084
2.57344 0.634134 1.40957
2.575 0.632321 1.40831
2.57656 0.630513 1.40704
2.57813 0.628712 1.40577
2.57969 0.626921 1.4045
2.58125 0.62514 1.40324
2.58281 0.623369 1.40197
2.58438 0.621603 1.40072
2.58594 0.619841 1.39947
2.5875 0.618081 1.39822
2.58906 0.616326 1.39696
2.59063 0.614579 1.39571
2.59219 0.612842 1.39445
2.59375 0.611115 1.3932
2.59531 0.609396 1.39195
2.59688 0.607682 1.39071
2.59844 0.605971 1.38947
2.6 0.604262 1.38824
2.60156 0.602559 1.387
2.60312 0.600863 1.38575
2.60469 0.599178 1.38451
2.60625 0.597502 1.38328
2.60781 0.595833 1.38204
2.60938 0.594168 1.38082
2.61094 0.592505 1.37959
2.6125 0.590846 1.37837
2.61406 0.589192 1.37714
2.61563 0.587546 1.37591
2.61719 0.58591 1.37468
2.61875 0.584283 1.37346
2.62031 0.582662 1.37224
2.62188 0.581044 1.37103
2.62344 0.579428 1.36982
2.625 0.577816 1.36861
2.62656 0.576209 1.36739
2.62812 0.574611 1.36618
2.62969 0.573023 1.36496
2.63125 0.571442 1.36376
2.63281 0.569867 1.36255
2.63437 0.568294 1.36135
2.63594 0.566723 1.36016
2.6375 0.565156 1.35896
2.63906 0.563596 1.35775
2.64062 0.562044 1.35655
2.64219 0.560501 1.35535
2.64375 0.558965 1.35416
2.64531 0.557433 1.35297
2.64688 0.555904 1.35178
2.64844 0.554376 1.3506
2.65 0.552853 1.34941
2.65156 0.551337 1.34822
2.65313 0.549829 1.34703
2.65469 0.54833 1.34585
2.65625 0.546837 1.34467
2.65781 0.545347 1.34349
2.65938 0.543859 1.34232
2.66094 0.542373 1.34115
2.6625 0.540892 1.33997
2.66406 0.539419 1.3388
2.66563 0.537954 1.33762
2.66719 0.536496 1.33645
2.66875 0.535044 1.33529
2.67031 0.533594 1.33412
2.67188 0.532146 1.33296
2.67344 0.530701 1.3318
2.675 0.529261 1.33064
2.67656 0.527828 1.32948
2.67813 0.526404 1.32831
2.67969 0.524987 1.32716
2.68125 0.523574 1.32601
2.68281 0.522162 1.32486
2.68438 0.520753 1.32371
2.68594 0.519347 1.32256
2.6875 0.517946 1.32141
2.68906 0.516553 1.32026
2.69062 0.515168 1.31911
2.69219 0.513789 1.31797
2.69375 0.512413 1.31683
2.69531 0.511039 1.31569
2.69687 0.509667 1.31456
2.69844 0.508299 1.31342
2.7 0.506936 1.31228
2.70156 0.505582 1.31114
2.70312 0.504234 1.31001
2.70469 0.502892 1.30888
2.70625 0.501552 1.30775
2.70781 0.500214 1.30663
2.70938 0.498878 1.30551
2.71094 0.497546 1.30438
2.7125 0.49622 1.30325
2.71406 0.494902 1.30213
2.71563 0.493591 1.30101
2.71719 0.492284 1.29989
2.71875 0.490979 1.29878
2.72031 0.489675 1.29767
2.72188 0.488374 1.29656
2.72344 0.487077 1.29544
2.725 0.485787 1.29433
2.72656 0.484504 1.29322
2.72813 0.483228 1.29211
2.72969 0.481954 1.291
2.73125 0.480683 1.2899
2.73281 0.479412 1.2888
2.73438 0.478145 1.2877
2.73594 0.476882 1.2866
2.7375 0.475627 1.2855
2.73906 0.474378 1.2844
2.74063 0.473135 1.28331
2.74219 0.471894 1.28221
2.74375 0.470654 1.28113
2.74531 0.469416 1.28004
2.74688 0.468181 1.27895
2.74844 0.466952 1.27786
2.75 0.46573 1.27677
2.75156 0.464514 1.27568
2.75313 0.463302 1.2746
2.75469 0.462093 1.27352
2.75625 0.460884 1.27245
2.75781 0.459677 1.27137
2.75937 0.458474 1.27029
2.76094 0.457277 1.26921
2.7625 0.456087 1.26813
2.76406 0.454902 1.26706
2.76562 0.453721 1.26599
2.76719 0.452542 1.26492
2.76875 0.451363 1.26386
2.77031 0.450186 1.26279
2.77188 0.449014 1.26173
2.77344 0.447849 1.26066
2.775 0.446689 1.25959
2.77656 0.445535 1.25853
2.77812 0.444383 1.25748
2.77969 0.443232 1.25642
2.78125 0.442083 1.25537
2.78281 0.440936 1.25431
2.78437 0.439794 1.25326
2.78594 0.438658 1.2522
2.7875 0.437528 1.25115
2.78906 0.436403 1.2501
2.79063 0.435279 1.24905
2.79219 0.434156 1.24801
2.79375 0.433035 1.24697
2.79531 0.431917 1.24592
2.79688 0.430804 1.24488
2.79844 0.429697 1.24384
2.8 0.428596 1.24279
2.80156 0.427498 1.24176
2.80313 0.426402 1.24073
2.80469 0.425306 1.23969
2.80625 0.424212 1.23866
2.80781 0.423122 1.23763
2.80938 0.422038 1.23659
2.81094 0.420959 1.23556
2.8125 0.419885 1.23453
2.81406 0.418814 1.23351
2.81563 0.417743 1.23249
2.81719 0.416674 1.23147
2.81875 0.415607 1.23044
2.82031 0.414544 1.22942
2.82187 0.413487 1.2284
2.82344 0.412435 1.22738
2.825 0.411388 1.22636
2.82656 0.410342 1.22535
2.82812 0.409297 1.22434
2.82969 0.408253 1.22333
2.83125 0.407212 1.22231
2.83281 0.406176 1.2213
2.83438 0.405145 1.22029
2.83594 0.40412 1.21928
2.8375 0.403097 1.21828
2.83906 0.402076 1.21728
2.84063 0.401056 1.21628
2.84219 0.400037 1.21528
2.84375 0.399021 1.21427
2.84531 0.39801 1.21327
2.84687 0.397005 1.21227
2.84844 0.396005 1.21128
2.85 0.395007 1.21028
2.85156 0.394009 1.20929
2.85312 0.393013 1.2083
2.85469 0.392018 1.20731
2.85625 0.391027 1.20632
2.85781 0.390042 1.20533
2.85938 0.389061 1.20434
2.86094 0.388085 1.20335
2.8625 0.38711 1.20237
2.86406 0.386135 1.20139
2.86563 0.385162 1.20041
2.86719 0.384191 1.19943
2.86875 0.383224 1.19845
2.87031 0.382263 1.19747
2.87188 0.381306 1.19649
2.87344 0.380353 1.19552
2.875 0.3794 1.19455
2.87656 0.378448 1.19358
2.87813 0.377497 1.19261
2.87969 0.37655 1.19164
2.88125 0.375607 1.19067
2.88281 0.374669 1.1897
2.88437 0.373735 1.18873
2.88594 0.372803 1.18777
2.8875 0.371872 1.18681
2.88906 0.370942 1.18585
2.89062 0.370013 1.18489
2.89219 0.369089 1.18393
2.89375 0.368168 1.18297
2.89531 0.367253 1.18201
2.89688 0.366341 1.18105
2.89844 0.365431 1.1801
2.9 0.364521 1.17915
2.90156 0.363611 1.1782
2.90313 0.362705 1.17725
2.90469 0.361802 1.1763
2.90625 0.360904 1.17535
2.90781 0.36001 1.1744
2.90937 0.359119 1.17346
2.91094 0.358229 1.17252
2.9125 0.35734 1.17158
2.91406 0.356451 1.17063
2.91562 0.355566 1.16969
2.91719 0.354684 1.16875
2.91875 0.353808 1.16781
2.92031 0.352935 1.16687
2.92188 0.352064 1.16594
2.92344 0.351194 1.16501
2.925 0.350324 1.16408
2.92656 0.349456 1.16315
2.92813 0.348591 1.16222
2.92969 0.347731 1.16128
2.93125 0.346875 1.16035
2.93281 0.346022 1.15943
2.93438 0.345171 1.15851
2.93594 0.34432 1.15758
2.9375 0.343469 1.15666
2.93906 0.342621 1.15574
2.94063 0.341777 1.15482
2.94219 0.340937 1.1539
2.94375 0.340101 1.15298
2.94531 0.339267 1.15206
2.94688 0.338435 1.15115
2.94844 0.337602 1.15024
2.95 0.336771 1.14932
2.95156 0.335942 1.14841
2.95312 0.335118 1.1475
2.95469 0.334297 1.14659
2.95625 0.333481 1.14568
2.95781 0.332665 1.14477
2.95938 0.33185 1.14387
2.96094 0.331036 1.14297
2.9625 0.330223 1.14206
2.96406 0.329414 1.14116
2.96563 0.328609 1.14025
2.96719 0.327808 1.13935
2.96875 0.327009 1.13845
2.97031 0.326212 1.13756
2.97187 0.325414 1.13666
2.97344 0.324618 1.13577
2.975 0.323823 1.13488
2.97656 0.323033 1.13398
2.97812 0.322246 1.13309
2.97969 0.321463 1.1322
2.98125 0.320682 1.13131
2.98281 0.319902 1.13042
2.98438 0.319122 1.12954
2.98594 0.318343 1.12865
2.9875 0.317567 1.12776
2.98906 0.316794 1.12688
2.99063 0.316026 1.12599
2.99219 0.31526 1.12511
2.99375 0.314496 1.12423
2.99531 0.313732 1.12336
2.99687 0.312969 1.12248
2.99844 0.312207 1.1216
3 0.311449 1.12073
3.00156 0.310694 1.11985
3.00313 0.309943 1.11898
3.00469 0.309194 1.1181
3.00625 0.308446 1.11724
3.00781 0.307699 1.11637
3.00938 0.306952 1.1155
3.01094 0.306207 1.11463
3.0125 0.305466 1.11376
3.01406 0.304729 1.1129
3.01562 0.303994 1.11203
3.01719 0.303262 1.11117
3.01875 0.302529 1.11031
3.02031 0.301797 1.10945
3.02188 0.301066 1.10859
3.02344 0.300338 1.10773
3.025 0.299614 1.10687
3.02656 0.298894 1.10601
3.02813 0.298175 1.10516
3.02969 0.297458 1.10431
3.03125 0.296741 1.10345
3.03281 0.296024 1.1026
3.03438 0.29531 1.10175
3.03594 0.294598 1.1009
3.0375 0.293891 1.10005
3.03906 0.293186 1.0992
3.04062 0.292483 1.09836
3.04219 0.29178 1.09751
3.04375 0.291078 1.09667
3.04531 0.290377 1.09583
3.04688 0.289678 1.09498
3.04844 0.288983 1.09414
3.05 0.288291 1.0933
3.05156 0.287601 1.09246
3.05313 0.286913 1.09162
3.05469 0.286225 1.09079
3.05625 0.285537 1.08995
3.05781 0.284851 1.08912
3.05937 0.284168 1.08828
3.06094 0.283488 1.08745
3.0625 0.282811 1.08662
3.06406 0.282137 1.08579
3.06562 0.281462 1.08496
3.06719 0.280788 1.08413
3.06875 0.280115 1.08331
3.07031 0.279444 1.08248
3.07187 0.278776 1.08165
3.07344 0.278111 1.08083
3.075 0.277449 1.08
3.07656 0.276788 1.07918
3.07813 0.276128 1.07836
3.07969 0.275467 1.07755
3.08125 0.274808 1.07673
3.08281 0.274152 1.07591
3.08438 0.273499 1.07509
3.08594 0.272849 1.07427
3.0875 0.272201 1.07346
3.08906 0.271554 1.07265
3.09063 0.270906 1.07184
3.09219 0.27026 1.07103
3.09375 0.269615 1.07021
3.09531 0.268973 1.0694
3.09688 0.268334 1.06859
3.09844 0.267698 1.06778
3.1 0.267064 1.06698
3.10156 0.266429 1.06618
3.10312 0.265795 1.06537
3.10469 0.265162 1.06457
3.10625 0.264531 1.06377
3.10781 0.263903 1.06296
3.10938 0.263279 1.06216
3.11094 0.262656 1.06136
3.1125 0.262034 1.06057
3.11406 0.261412 1.05977
3.11563 0.260791 1.05898
3.11719 0.260171 1.05818
3.11875 0.259554 1.05738
3.12031 0.25894 1.05659
3.12188 0.258329 1.0558
3.12344 0.257719 1.05501
3.125 0.257109 1.05422
3.12656 0.2565 1.05343
3.12812 0.255891 1.05264
3.12969 0.255285 1.05185
3.13125 0.254681 1.05106
3.13281 0.254081 1.05028
3.13437 0.253482 1.04949
3.13594 0.252884 1.04871
3.1375 0.252286 1.04793
3.13906 0.251689 1.04715
3.14062 0.251093 1.04637
3.14219 0.2505 1.04559
3.14375 0.24991 1.04481
3.14531 0.249322 1.04403
3.14688 0.248736 1.04326
3.14844 0.248149 1.04248
3.15 0.247563 1.04171
3.15156 0.246978 1.04093
3.15313 0.246395 1.04016
3.15469 0.245815 1.03939
3.15625 0.245237 1.03862
3.15781 0.244662 1.03785
3.15938 0.244087 1.03708
3.16094 0.243512 1.03631
3.1625 0.242937 1.03555
3.16406 0.242364 1.03478
3.16563 0.241794 1.03401
3.16719 0.241226 1.03325
3.16875 0.240661 1.03248
3.17031 0.240097 1.03172
3.17188 0.239533 1.03096
3.17344 0.238969 1.03021
3.175 0.238406 1.02945
3.17656 0.237845 1.02869
3.17813 0.237287 1.02793
3.17969 0.236731 1.02717
3.18125 0.236178 1.02641
3.18281 0.235625 1.02566
3.18438 0.235072 1.02491
3.18594 0.234519 1.02416
3.1875 0.233968 1.02341
3.18906 0.233419 1.02265
3.19062 0.232872 1.0219
3.19219 0.232328 1.02115
3.19375 0.231786 1.0204
3.19531 0.231243 1.01966
3.19687 0.230701 1.01891
3.19844 0.230159 1.01817
