The program is using data type: double.
Dimension: 2.
Reading basic information about the lattice: Dimension DIM, Length L and primitive lattice vectors LattVectors
Reading the energy scale, number of orbitals NOrbitals and their positions OrbPositions
Reading data type and checking whether it is complex.
Reading the list of quantities to calculate, Calculation/FunctionNum.
Searching which quantities need to be calculated.
MU needed? 1
GammaXX needed? 1
GammaXY needed? 0
LambdaXX needed? 1
LambdaXY needed? 0
Filling the MU matrix.
Filling the GammaXX matrix.
Filling the LambdaXX matrix.
Calculating the density of states with 1001 energies... Done.
calculating the optical conductivityxxSetting lambda functions
Entered contract 2d.
First part of the calculation.
Second part of the calculation.
Left contract.
Entered contract 2d.
First part of the calculation.
Second part of the calculation.
Left contract.
0 -450.601 -6.18843 450.601 -6.18843 0 -12.6608
0.015 -138.093 -2.89438 -50.4411 128.584 5.84343 -3.89562
0.03 -43.8271 -0.922393 -34.5082 27.0341 3.79823 -1.26608
0.045 -20.099 -0.521051 -17.9867 8.98454 2.6811 -0.5958
0.06 -11.2313 -0.374213 -10.5028 3.99657 2.0531 -0.342183
0.075 -7.05035 -0.303108 -6.72464 2.13977 1.65861 -0.221149
0.09 -4.77275 -0.265009 -4.59817 1.30622 1.3896 -0.154399
0.105 -3.40511 -0.24065 -3.29847 0.879086 1.19495 -0.113805
0.12 -2.52405 -0.225602 -2.45189 0.640264 1.04779 -0.0873156
0.135 -1.92567 -0.213798 -1.87315 0.495193 0.932716 -0.0690901
0.15 -1.50203 -0.206795 -1.46129 0.40435 0.840316 -0.0560211
0.165 -1.192 -0.201309 -1.15897 0.343792 0.764511 -0.046334
0.18 -0.960767 -0.198478 -0.932869 0.30368 0.701211 -0.0389562
0.195 -0.783506 -0.193488 -0.759603 0.272621 0.647567 -0.0332085
0.21 -0.641871 -0.191231 -0.620796 0.251358 0.601529 -0.0286442
0.225 -0.530551 -0.190137 -0.511592 0.236455 0.561591 -0.0249596
0.24 -0.441414 -0.191056 -0.42399 0.227115 0.526617 -0.0219424
0.255 -0.368677 -0.189473 -0.352707 0.217763 0.495738 -0.0194407
0.27 -0.308575 -0.190184 -0.293661 0.212489 0.468275 -0.0173435
0.285 -0.258262 -0.189687 -0.244332 0.207322 0.443691 -0.0155681
0.3 -0.21603 -0.191787 -0.202779 0.205747 0.421557 -0.0140519
0.315 -0.180547 -0.192266 -0.167988 0.20333 0.401524 -0.0127468
0.33 -0.150791 -0.194647 -0.138728 0.203421 0.383307 -0.0116154
0.345 -0.124864 -0.195106 -0.113354 0.202011 0.36667 -0.0106281
0.36 -0.102365 -0.197441 -0.091247 0.202819 0.351417 -0.00976157
0.375 -0.0820175 -0.200233 -0.0712295 0.204319 0.33738 -0.00899681
0.39 -0.0668416 -0.204284 -0.0562846 0.207441 0.324422 -0.0083185
0.405 -0.0517812 -0.206123 -0.0415453 0.208428 0.312421 -0.0077141
0.42 -0.0394078 -0.210856 -0.0293281 0.212492 0.301276 -0.00717323
0.435 -0.0284483 -0.2145 -0.0185614 0.21558 0.290898 -0.00668731
0.45 -0.0201276 -0.220069 -0.0103317 0.220746 0.281211 -0.00624914
0.465 -0.0108577 -0.223188 -0.0012526 0.223448 0.272149 -0.00585266
0.48 -0.00374645 -0.230363 0.0058511 0.230319 0.263651 -0.00549274
0.495 0.00255779 -0.235789 0.0120786 0.235493 0.255669 -0.00516502
0.51 0.00840273 -0.245137 0.0180058 0.244619 0.248155 -0.00486578
0.525 0.0120346 -0.253562 0.0216819 0.25292 0.24107 -0.00459181
0.54 0.0150849 -0.264389 0.0248634 0.263649 0.234378 -0.00434034
0.555 0.0176328 -0.276226 0.0275722 0.275411 0.228048 -0.00410897
0.57 0.0177258 -0.291641 0.0279448 0.29084 0.22205 -0.00389562
0.585 0.0192008 -0.309125 0.0297549 0.308288 0.21636 -0.00369846
0.6 0.0157522 -0.336822 0.0269677 0.33611 0.210954 -0.0035159
0.615 0.0052011 -0.372422 0.0173064 0.372056 0.205812 -0.00334653
0.63 -0.0267041 -0.428084 -0.0131041 0.428716 0.200914 -0.00318911
0.645 -0.130041 -0.474764 -0.115261 0.478567 0.196244 -0.00304254
0.66 -0.236269 -0.402153 -0.223977 0.409127 0.191786 -0.00290584
0.675 -0.25536 -0.325109 -0.245617 0.332531 0.187526 -0.00277816
0.69 -0.255152 -0.275904 -0.247049 0.283182 0.183451 -0.00265871
0.705 -0.249788 -0.237863 -0.242941 0.244852 0.179549 -0.0025468
0.72 -0.242303 -0.209458 -0.236392 0.216107 0.17581 -0.0024418
0.735 -0.233235 -0.185319 -0.228107 0.191595 0.172223 -0.00234317
0.75 -0.225266 -0.167345 -0.220724 0.173292 0.16878 -0.0022504
0.765 -0.216992 -0.150188 -0.212992 0.155809 0.165472 -0.00216303
0.78 -0.209374 -0.136817 -0.205798 0.14214 0.162291 -0.00208065
0.795 -0.201845 -0.123936 -0.198664 0.128974 0.15923 -0.00200289
0.81 -0.194615 -0.113393 -0.191756 0.118163 0.156282 -0.00192941
0.825 -0.187223 -0.103268 -0.184665 0.107776 0.153441 -0.00185989
0.84 -0.180605 -0.095324 -0.178285 0.0995965 0.150702 -0.00179407
0.855 -0.173997 -0.0872058 -0.17191 0.0912515 0.148059 -0.00173168
0.87 -0.167771 -0.0806821 -0.165872 0.0845171 0.145507 -0.00167249
0.885 -0.161783 -0.0744405 -0.16006 0.0780772 0.143041 -0.00161628
0.9 -0.156366 -0.0690927 -0.154792 0.07255 0.140658 -0.00156286
0.915 -0.150878 -0.0638519 -0.149447 0.0671342 0.138352 -0.00151205
0.93 -0.145972 -0.0594339 -0.144661 0.062559 0.136121 -0.00146367
0.945 -0.141004 -0.0550432 -0.139807 0.0580147 0.133961 -0.00141758
0.96 -0.136538 -0.0513942 -0.135438 0.0542272 0.131869 -0.00137363
0.975 -0.132154 -0.0475072 -0.131152 0.0502077 0.12984 -0.0013317
0.99 -0.127938 -0.04423 -0.127018 0.0468053 0.127873 -0.00129165
1.005 -0.123508 -0.0410693 -0.122667 0.0435188 0.125965 -0.00125339
1.02 -0.1199 -0.0386894 -0.119118 0.0410327 0.124113 -0.0012168
1.035 -0.116098 -0.0357089 -0.115386 0.0379455 0.122315 -0.00118179
1.05 -0.112566 -0.033574 -0.111906 0.0357118 0.120568 -0.00114826
1.065 -0.109276 -0.0312222 -0.108671 0.0332686 0.11887 -0.00111615
1.08 -0.106106 -0.0289532 -0.105552 0.030913 0.117219 -0.00108536
1.095 -0.102646 -0.0268872 -0.102138 0.0287573 0.115614 -0.00105583
1.11 -0.0996942 -0.0252103 -0.0992238 0.0270023 0.114052 -0.00102749
1.125 -0.0966007 -0.0234634 -0.0961683 0.0251769 0.112531 -0.00100028
1.14 -0.0939331 -0.0220229 -0.0935323 0.0236674 0.111051 -0.000974129
1.155 -0.091157 -0.020478 -0.0907888 0.0220533 0.109609 -0.000948993
1.17 -0.0886273 -0.0191082 -0.0882877 0.0206203 0.108204 -0.000924818
1.185 -0.0860352 -0.017761 -0.0857232 0.0192104 0.106834 -0.000901555
1.2 -0.0836296 -0.0166403 -0.0833407 0.0180318 0.105499 -0.000879158
1.215 -0.0812396 -0.0154981 -0.0809735 0.0168332 0.104197 -0.000857586
1.23 -0.0790553 -0.0145125 -0.0788089 0.0157959 0.102926 -0.000836798
1.245 -0.0768451 -0.0135054 -0.0766182 0.014738 0.101686 -0.000816757
1.26 -0.0748299 -0.0126418 -0.0746198 0.0138279 0.100476 -0.000797428
1.275 -0.0727601 -0.0117245 -0.0725673 0.0128643 0.099294 -0.000778776
1.29 -0.0708688 -0.0109783 -0.0706901 0.0120757 0.0981395 -0.000760771
1.305 -0.0689841 -0.0102073 -0.0688196 0.0112633 0.0970116 -0.000743384
1.32 -0.0672416 -0.00950236 -0.06709 0.01052 0.0959093 -0.000726586
1.335 -0.065459 -0.00877055 -0.0653202 0.00975017 0.0948318 -0.000710351
1.35 -0.0637933 -0.0081627 -0.0636654 0.00910684 0.0937783 -0.000694654
1.365 -0.0621097 -0.00753826 -0.0619925 0.00844743 0.0927478 -0.000679471
1.38 -0.0605636 -0.00701035 -0.0604557 0.0078873 0.0917398 -0.000664781
1.395 -0.059007 -0.00645475 -0.0589084 0.00730002 0.0907535 -0.000650562
1.41 -0.0575276 -0.00595955 -0.0574373 0.00677491 0.0897881 -0.000636795
1.425 -0.0560339 -0.0054969 -0.0559513 0.00628276 0.0888431 -0.00062346
1.44 -0.0546601 -0.00511048 -0.0545838 0.00586911 0.0879177 -0.00061054
1.455 -0.0532924 -0.00471276 -0.0532226 0.00544482 0.0870114 -0.000598017
1.47 -0.0520349 -0.0043623 -0.0519707 0.00506983 0.0861236 -0.000585875
1.485 -0.050759 -0.0039745 -0.0507009 0.00465773 0.0852538 -0.000574099
1.5 -0.0495446 -0.00365321 -0.0494915 0.00431345 0.0844013 -0.000562675
1.515 -0.0483442 -0.00333377 -0.048296 0.00397166 0.0835657 -0.000551589
1.53 -0.0471984 -0.00304567 -0.0471546 0.00366235 0.0827465 -0.000540827
1.545 -0.0460707 -0.00277672 -0.0460309 0.00337285 0.0819432 -0.000530377
1.56 -0.0450012 -0.00251889 -0.0449652 0.00309559 0.0811554 -0.000520227
1.575 -0.0439273 -0.00227004 -0.0438949 0.00282765 0.0803825 -0.000510365
1.59 -0.0429062 -0.00207237 -0.0428767 0.00261188 0.0796243 -0.000500782
1.605 -0.0419053 -0.00186891 -0.0418788 0.00239093 0.0788802 -0.000491465
1.62 -0.0409661 -0.00169015 -0.0409421 0.00219576 0.0781499 -0.000482406
1.635 -0.0400231 -0.001496 -0.0400018 0.00198545 0.0774329 -0.000473596
1.65 -0.0391153 -0.00133962 -0.0390962 0.00181363 0.0767291 -0.000465025
1.665 -0.0382207 -0.00119075 -0.0382036 0.00164975 0.0760378 -0.000456684
1.68 -0.0373763 -0.00106765 -0.037361 0.00151251 0.075359 -0.000448565
1.695 -0.0365462 -0.000934979 -0.0365327 0.00136612 0.0746921 -0.000440662
1.71 -0.0357431 -0.000822197 -0.035731 0.00124017 0.074037 -0.000432965
1.725 -0.0349556 -0.000718206 -0.0349449 0.00112343 0.0733932 -0.000425468
1.74 -0.0342037 -0.000627305 -0.0341942 0.0010204 0.0727606 -0.000418164
1.755 -0.0334661 -0.00053661 -0.0334578 0.000917943 0.0721387 -0.000411047
1.77 -0.0327522 -0.000459635 -0.0327449 0.000829675 0.0715274 -0.00040411
1.785 -0.0320544 -0.00038789 -0.032048 0.000747007 0.0709264 -0.000397347
1.8 -0.03138 -0.000327686 -0.0313744 0.000676322 0.0703354 -0.000390752
1.815 -0.0307254 -0.000273626 -0.0307205 0.00061217 0.0697541 -0.00038432
1.83 -0.0300902 -0.00022599 -0.0300859 0.000554821 0.0691824 -0.000378046
1.845 -0.0294728 -0.000185502 -0.0294691 0.00050497 0.06862 -0.000371924
1.86 -0.028875 -0.000150905 -0.0288717 0.000461372 0.0680666 -0.00036595
1.875 -0.0282939 -0.000122444 -0.028291 0.00042423 0.0675221 -0.000360118
1.89 -0.0277314 -0.000100289 -0.0277288 0.00039373 0.0669863 -0.000354425
1.905 -0.0271865 -8.32923e-05 -0.0271841 0.000368702 0.0664588 -0.000348865
1.92 -0.0266595 -7.13201e-05 -0.0266573 0.000349012 0.0659397 -0.000343436
1.935 -0.0261504 -6.35635e-05 -0.0261484 0.000333842 0.0654285 -0.000338132
1.95 -0.0256595 -5.84818e-05 -0.0256575 0.000321646 0.0649253 -0.00033295
1.965 -0.0251854 -5.45343e-05 -0.0251835 0.000310865 0.0644297 -0.000327886
1.98 -0.0247267 -5.11872e-05 -0.0247249 0.000300943 0.0639416 -0.000322937
1.995 -0.0242824 -4.82471e-05 -0.0242807 0.000291671 0.0634609 -0.0003181
2.01 -0.0238515 -4.56149e-05 -0.0238499 0.000282935 0.0629873 -0.00031337
2.025 -0.0234334 -4.32296e-05 -0.0234318 0.000274663 0.0625207 -0.000308744
2.04 -0.0230274 -4.10496e-05 -0.0230259 0.000266801 0.0620611 -0.000304221
2.055 -0.0226329 -3.90444e-05 -0.0226314 0.000259308 0.0616081 -0.000299796
2.07 -0.0222493 -3.71908e-05 -0.0222479 0.000252153 0.0611617 -0.000295467
2.085 -0.0218763 -3.54705e-05 -0.0218749 0.000245308 0.0607217 -0.000291231
2.1 -0.0215133 -3.38684e-05 -0.021512 0.000238751 0.060288 -0.000287086
2.115 -0.0211599 -3.23723e-05 -0.0211587 0.00023246 0.0598604 -0.000283028
2.13 -0.0208158 -3.09715e-05 -0.0208146 0.000226419 0.0594389 -0.000279056
2.145 -0.0204806 -2.96572e-05 -0.0204794 0.000220613 0.0590232 -0.000275167
2.16 -0.0201539 -2.84217e-05 -0.0201527 0.000215026 0.0586134 -0.000271358
2.175 -0.0198354 -2.72583e-05 -0.0198343 0.000209648 0.0582092 -0.000267628
2.19 -0.0195248 -2.6161e-05 -0.0195238 0.000204465 0.0578105 -0.000263975
2.205 -0.0192219 -2.51247e-05 -0.0192209 0.000199468 0.0574172 -0.000260396
2.22 -0.0189264 -2.41446e-05 -0.0189254 0.000194648 0.0570293 -0.000256889
2.235 -0.0186379 -2.32166e-05 -0.0186369 0.000189994 0.0566466 -0.000253452
2.25 -0.0183563 -2.2337e-05 -0.0183554 0.0001855 0.0562689 -0.000250084
2.265 -0.0180813 -2.15023e-05 -0.0180804 0.000181157 0.0558963 -0.000246783
2.28 -0.0178128 -2.07096e-05 -0.0178119 0.000176958 0.0555286 -0.000243546
2.295 -0.0175504 -1.99559e-05 -0.0175496 0.000172897 0.0551657 -0.000240373
2.31 -0.017294 -1.92389e-05 -0.0172932 0.000168967 0.0548075 -0.000237262
2.325 -0.0170434 -1.85561e-05 -0.0170426 0.000165163 0.0544539 -0.00023421
2.34 -0.0167985 -1.79054e-05 -0.0167977 0.000161479 0.0541048 -0.000231217
2.355 -0.0165589 -1.72848e-05 -0.0165582 0.00015791 0.0537602 -0.000228281
2.37 -0.0163247 -1.66926e-05 -0.016324 0.000154451 0.05342 -0.000225401
2.385 -0.0160955 -1.61271e-05 -0.0160948 0.000151097 0.053084 -0.000222574
2.4 -0.0158714 -1.55867e-05 -0.0158707 0.000147845 0.0527522 -0.000219801
2.415 -0.015652 -1.507e-05 -0.0156513 0.00014469 0.0524246 -0.000217079
2.43 -0.0154372 -1.45757e-05 -0.0154366 0.000141628 0.052101 -0.000214407
2.445 -0.015227 -1.41025e-05 -0.0152264 0.000138656 0.0517814 -0.000211785
2.46 -0.0150212 -1.36493e-05 -0.0150206 0.000135771 0.0514656 -0.00020921
2.475 -0.0148197 -1.3215e-05 -0.0148191 0.000132968 0.0511537 -0.000206682
2.49 -0.0146223 -1.27987e-05 -0.0146217 0.000130245 0.0508456 -0.000204199
2.505 -0.0144289 -1.23994e-05 -0.0144284 0.000127598 0.0505411 -0.000201761
2.52 -0.0142395 -1.20161e-05 -0.0142389 0.000125026 0.0502403 -0.000199366
2.535 -0.0140538 -1.16482e-05 -0.0140533 0.000122524 0.049943 -0.000197014
2.55 -0.0138719 -1.12948e-05 -0.0138713 0.000120092 0.0496493 -0.000194703
2.565 -0.0136935 -1.09553e-05 -0.013693 0.000117725 0.0493589 -0.000192432
2.58 -0.0135186 -1.06288e-05 -0.0135182 0.000115423 0.049072 -0.000190201
2.595 -0.0133472 -1.03149e-05 -0.0133467 0.000113182 0.0487883 -0.000188009
2.61 -0.0131791 -1.00129e-05 -0.0131786 0.000111 0.0485079 -0.000185854
2.625 -0.0130142 -9.7223e-06 -0.0130137 0.000108876 0.0482308 -0.000183736
2.64 -0.0128524 -9.44247e-06 -0.012852 0.000106808 0.0479567 -0.000181654
2.655 -0.0126937 -9.17296e-06 -0.0126933 0.000104793 0.0476858 -0.000179608
2.67 -0.012538 -8.9133e-06 -0.0125376 0.000102829 0.0474179 -0.000177595
2.685 -0.0123852 -8.66305e-06 -0.0123848 0.000100916 0.047153 -0.000175616
2.7 -0.0122352 -8.42178e-06 -0.0122348 9.90518e-05 0.0468911 -0.000173671
2.715 -0.012088 -8.18909e-06 -0.0120877 9.7234e-05 0.046632 -0.000171757
2.73 -0.0119435 -7.96461e-06 -0.0119431 9.54616e-05 0.0463758 -0.000169875
2.745 -0.0118016 -7.74798e-06 -0.0118013 9.3733e-05 0.0461224 -0.000168023
2.76 -0.0116623 -7.53886e-06 -0.0116619 9.2047e-05 0.0458717 -0.000166202
2.775 -0.0115255 -7.33694e-06 -0.0115251 9.04021e-05 0.0456238 -0.00016441
2.79 -0.0113911 -7.1419e-06 -0.0113907 8.87971e-05 0.0453785 -0.000162647
2.805 -0.0112591 -6.95346e-06 -0.0112587 8.72308e-05 0.0451358 -0.000160912
2.82 -0.0111294 -6.77134e-06 -0.011129 8.57019e-05 0.0448957 -0.000159205
2.835 -0.0110019 -6.59529e-06 -0.0110016 8.42093e-05 0.0446582 -0.000157525
2.85 -0.0108767 -6.42506e-06 -0.0108764 8.27518e-05 0.0444232 -0.000155871
2.865 -0.0107537 -6.26041e-06 -0.0107534 8.13286e-05 0.0441906 -0.000154243
2.88 -0.0106327 -6.10111e-06 -0.0106324 7.99384e-05 0.0439604 -0.00015264
2.895 -0.0105138 -5.94696e-06 -0.0105135 7.85804e-05 0.0437327 -0.000151063
2.91 -0.010397 -5.79775e-06 -0.0103967 7.72536e-05 0.0435072 -0.000149509
2.925 -0.0102821 -5.65328e-06 -0.0102818 7.5957e-05 0.0432841 -0.00014798
2.94 -0.0101691 -5.51338e-06 -0.0101688 7.46899e-05 0.0430633 -0.000146474
2.955 -0.010058 -5.37787e-06 -0.0100577 7.34513e-05 0.0428447 -0.000144991
2.97 -0.00994871 -5.24657e-06 -0.00994845 7.22404e-05 0.0426283 -0.00014353
2.985 -0.00984124 -5.11933e-06 -0.00984099 7.10565e-05 0.0424141 -0.000142091
